Pascal program.
8 matrices
T(5, 5)
1 -1 -1 -1 -1
-1 1 -1 -1 -1
-1 -1 -1 1 -1
-1 -1 -1 1 -1
-1 -1 -1 -1 -1
D(6, 6)
-1 -1 -1 -1 -1 -1
-1 -1 -1 -1 -1 -1
-1 -1 -1 -1 -1 -1
-1 -1 -1 -1 -1 -1
-1 -1 -1 1 -1 -1
-1 1 -1 1 -1 -1

a = 3;
b = 3;
Solving cubic equiation for a = 2160.0; b = 0.0; c = 0.0; d = 12.0;
x1 = -0.17710976;
x2 = 0.08855488 + i*0.15338155;
x3 = 0.08855488 - i*0.15338155;


T(5, 5)
2 -1 -1 -1 -1
-1 -1 -1 -1 -1
-1 -1 -1 -1 -1
-1 -1 -1 -1 -1
-1 1 -1 -1 -1
D(6, 6)
-1 -1 -1 -1 -1 -1
-1 -1 -1 -1 -1 -1
-1 -1 -1 -1 -1 -1
-1 -1 -1 -1 -1 -1
-1 -1 -1 -1 -1 -1
-1 1 -1 -1 -1 -1

a = 1;
b = 1;
Solving cubic equiation for a =  6.0; b = 0.0; c = 0.0; d =  2.0;
x1 = -0.69336127;
x2 = 0.34668064 + i*0.60046848;
x3 = 0.34668064 - i*0.60046848;


T(5, 5)
3 -1 -1 -1 -1
-1 2 -1 -1 -1
-1 -1 -1 2 -1
-1 -1 -1 -1 -1
-1 -1 -1 -1 -1
D(6, 6)
-1 -1 -1 -1 -1 -1
-1 -1 -1 -1 -1 -1
-1 -1 -1 -1 -1 -1
-1 -1 -1 -1 -1 -1
-1 -1 -1 -1 -1 -1
-1 -1 -1 1 -1 1

a = 2;
b = 2;
Solving cubic equiation for a = 72.0; b = 0.0; c = 0.0; d =  4.0;
x1 = -0.38157141;
x2 = 0.19078571 + i*0.33045054;
x3 = 0.19078571 - i*0.33045054;


T(5, 5)
4 -1 -1 -1 -1
-1 -1 -1 -1 -1
-1 -1 -1 -1 -1
-1 -1 -1 -1 -1
-1 -1 -1 -1 -1
D(6, 6)
-1 -1 -1 -1 -1 -1
-1 -1 -1 -1 -1 -1
-1 -1 -1 -1 -1 -1
-1 -1 -1 -1 -1 -1
-1 1 -1 1 -1 -1
-1 -1 -1 -1 -1 -1

a = 0;
b = 2;
Solving cubic equiation for a =  6.0; b = 0.0; c = 0.0; d =  2.0;
x1 = -0.69336127;
x2 = 0.34668064 + i*0.60046848;
x3 = 0.34668064 - i*0.60046848;


T(5, 5)
5 -1 -1 -1 -1
-1 2 -1 2 -1
-1 -1 -1 -1 -1
-1 -1 -1 -1 -1
-1 -1 -1 -1 -1
D(6, 6)
-1 -1 -1 -1 -1 -1
-1 1 -1 1 1 -1
-1 -1 -1 -1 -1 -1
-1 -1 -1 -1 -1 -1
-1 -1 -1 -1 -1 -1
-1 -1 -1 -1 -1 -1

a = 2;
b = 2;
Solving cubic equiation for a = 72.0; b = 0.0; c = 0.0; d =  4.0;
x1 = -0.38157141;
x2 = 0.19078571 + i*0.33045054;
x3 = 0.19078571 - i*0.33045054;


T(5, 5)
6 1 -1 1 -1
-1 1 -1 -1 -1
-1 -1 -1 -1 -1
-1 -1 -1 -1 -1
-1 -1 -1 -1 -1
D(6, 6)
-1 -1 -1 -1 -1 -1
-1 -1 -1 -1 -1 -1
-1 -1 -1 -1 -1 -1
-1 -1 -1 -1 -1 -1
-1 -1 -1 -1 -1 -1
-1 -1 -1 -1 -1 -1

a = 3;
b = 0;
Solving cubic equiation for a = 18.0; b = 0.0; c = 0.0; d = 12.0;
x1 = -0.87358046;
x2 = 0.43679023 + i*0.75654287;
x3 = 0.43679023 - i*0.75654287;


T(5, 5)
7 1 -1 1 -1
-1 -1 -1 -1 -1
-1 -1 -1 -1 -1
-1 -1 -1 -1 -1
-1 -1 -1 -1 -1
D(6, 6)
-1 -1 -1 -1 -1 -1
-1 -1 -1 -1 -1 -1
-1 -1 -1 -1 -1 -1
-1 -1 -1 -1 -1 -1
-1 -1 -1 -1 -1 -1
-1 -1 -1 -1 -1 -1

a = 2;
b = 0;
Solving cubic equiation for a =  6.0; b = 0.0; c = 0.0; d =  4.0;
x1 = -0.87358046;
x2 = 0.43679023 + i*0.75654287;
x3 = 0.43679023 - i*0.75654287;


T(5, 5)
8 1 -1 -1 -1
-1 -1 -1 -1 -1
-1 -1 -1 -1 -1
-1 -1 -1 -1 -1
-1 -1 -1 -1 -1
D(6, 6)
-1 -1 -1 -1 -1 -1
-1 -1 -1 -1 -1 -1
-1 -1 -1 -1 -1 -1
-1 -1 -1 -1 -1 -1
-1 -1 -1 -1 -1 -1
-1 -1 -1 -1 -1 -1

a = 1;
b = 0;
Solving cubic equiation for a =  3.0; b = 0.0; c = 0.0; d =  2.0;
x1 = -0.87358046;
x2 = 0.43679023 + i*0.75654287;
x3 = 0.43679023 - i*0.75654287;