9399	8703	-8500	-27	1131	-1727	-8305	-5316	828	-5678	9088	4442	2830	8334	-5943	4437	-3065	-6451	-8466	1605	4432	-2196	8985	2743	-5700	6436	-6439	-2769	2266	-3055	4201	1424	-3275	-999	-7573	-6841	8676	-26	5876	1707	6519	6474	1687	6602	-5823	2103	-4574	-1915	-2916	8676
8363	-2546	2010	-2695	-4311	6603	-8181	9343	-4511	1227	-3336	-9458	1999	-2124	-1947	8897	-12	-1567	1541	4191	-7024	-3951	-4428	-5113	-5996	1429	-6924	-5329	8820	2090	-2336	6416	-3538	8543	2800	344	174	2420	3711	6212	3774	840	8927	8298	-4806	3066	-8981	-1883	6184	7554
665	7825	7127	7783	-2490	-4398	1078	3544	8456	3541	-4681	-2990	592	-7102	-373	3964	4490	-3457	7306	-2417	7666	-3070	7116	6729	9177	-9249	-1017	-3398	-7932	-9369	-5630	647	8726	3312	5575	-770	4513	2922	-647	-8149	9726	-5676	7861	2541	-5816	8052	1487	-6719	-606	-7751
-4959	-8780	7932	7796	620	8762	8795	8829	-5160	4265	-3053	4080	-2509	-9128	-6695	3412	-3212	-2209	-8409	-4169	-3599	9325	-156	7826	-195	3296	3416	-6093	1394	9619	8382	-9967	5102	2196	3528	-4761	-6640	-6226	9505	7584	-6061	-7922	-7954	-6999	-7134	-5775	-1355	-8899	-6905	-6194
-4	-5629	-2347	8317	-9795	753	2765	-8268	6695	6166	-8190	1544	6542	6406	1390	-3832	2743	4287	-9358	5452	-7357	-6728	5821	1292	-507	-9039	-6156	1559	1988	2018	6247	-5856	9042	-8885	4081	-4537	1534	-7842	3412	-7740	503	-4521	8359	-5273	-9089	-733	2265	3598	-1135	-816
-649	-373	-4065	-7765	-1241	2575	2475	5486	-2204	-1371	-1695	-9785	3327	4917	5146	4540	3190	-1876	9659	5730	-8325	9676	2625	3386	4358	-8013	-8730	4140	-8306	8760	6179	-8900	-9818	-313	2908	8250	-9174	2809	-8010	-1525	-9036	-3800	2006	3774	700	-1003	7643	547	3034	-2155
7828	420	-4375	1053	2838	2248	4510	7713	6296	4975	6345	-7233	5918	4277	1874	-5165	142	4098	-9294	4881	5688	-5901	6125	-3784	-7745	7834	-4640	-1755	4197	113	8676	7107	7787	8612	-1159	-8668	-6039	9619	-6516	-5026	-788	-6506	-7727	-1669	-7587	4830	-4731	-9054	6724	-8746
-3610	8698	8961	5668	-1497	2331	9402	-164	-9351	7868	4806	9404	6545	-1984	1810	3652	-8466	-3003	-1223	5206	2085	4616	-939	1507	5176	-1202	-4834	3335	-1872	-6491	4859	-9549	5464	-2057	-5845	-5497	2002	7166	1983	-8895	-3181	9149	4647	-1746	6345	6039	6677	-8509	-4445	7329
-9238	-8171	7012	-488	-4817	-6427	9680	5683	-3324	-703	435	-8018	9919	-4721	-7037	-2585	-4698	-5008	5651	8844	-5734	5254	-7562	-715	-2217	-157	-6272	-7418	-5739	2080	-8023	8151	-4301	7550	-693	-9078	-4959	6120	135	7797	4152	-6277	9599	6010	-8899	2810	-8104	5379	-9579	-260
5407	-9576	-2540	-1500	-4004	9022	7893	-4730	-6230	-1851	-4562	-3191	-4003	-1979	9145	-9044	4400	-6016	6193	8388	-9058	-5879	-2593	6627	6252	-5106	2653	8431	5552	-4496	6451	-1620	-8093	-1888	-6418	-6984	-9985	1961	2352	4733	5627	-1324	-4540	1713	-4134	8441	-8160	3513	-3592	-215
816	1659	-2410	2712	-2540	7011	-2748	-2315	5463	4297	9415	-4977	7165	7755	-7889	4692	1631	-7037	6707	-6919	-6067	-3124	3049	9152	-6725	5514	-8100	-5913	-1919	-4102	7692	6812	8421	3505	-9235	-5964	-2999	8145	-5001	6881	990	-4353	5687	5742	-6071	-5385	-5189	3386	9216	-9479
-4604	6420	6378	8337	-5082	-238	-8511	7011	5404	-4579	-2280	-4968	8511	-1054	3613	-4062	-2992	-7600	-7690	1917	-1426	-8881	-429	-324	-4805	1322	6007	-3207	-5254	-566	-8218	-1870	6214	3214	7311	-8585	5280	9055	-745	-4856	2428	4007	-6952	-4505	-1699	8472	-3590	6549	2431	2262
1792	-1785	-2793	-6858	2590	1658	-5474	-1792	-9378	-464	-9302	-7706	-1316	4667	-8325	-3193	9616	1257	-1810	-1763	8085	-8239	-8296	-8644	1926	-1833	-9058	9023	2816	3483	3085	9453	-909	422	5177	-308	-3194	7397	-7999	-5819	8555	-4058	5641	-9272	-9003	-4683	-8041	7194	-2601	7305
9147	5960	3525	-9163	-9782	1850	-1017	-3595	4974	-6483	6740	1870	251	6978	-7067	-9424	3568	-5155	9394	2405	-7373	-6958	-8351	-8600	-8660	1697	4106	5883	-570	377	4637	1410	-5555	6627	-4677	3617	8052	-6597	1598	348	8914	4512	866	-8983	2491	1285	9460	2890	9806	-1325
-8902	7697	-458	-5672	-4591	9316	2368	7549	-5009	7261	2919	1317	-5097	-5107	2607	9655	9611	5318	-3759	9403	-2996	8660	-7	-3106	-9718	-8271	5374	-2554	5178	-7456	-670	5034	-1630	2651	-1368	-346	-7669	821	2624	-2290	7183	173	-3233	-982	-1424	5524	2942	3151	3794	7268
-5195	-6537	5425	9829	-2610	4153	-1534	-2117	-747	-257	-3887	4010	5892	7276	6588	9674	413	-3544	-6706	-216	9783	2033	5236	6941	9652	1478	-1495	4068	4941	-4278	-5383	3373	-5021	556	-893	2159	-4859	-81	521	-6112	672	3738	1346	6506	-4419	1148	-7510	-4938	3211	-504
-7237	4742	145	4881	2118	-1074	6721	1431	3999	6627	-1541	4930	-4787	-3454	6840	-7315	-5935	-5606	4421	-8359	-523	-7059	-9644	227	835	6523	-1095	9892	-503	-9388	-5498	4571	-2516	4644	5390	8910	-3505	4715	-4296	930	-3250	1854	1401	-1809	-9147	-1037	3058	3575	-4347	-3660
9973	895	-6952	2776	-6373	-9004	3193	2776	9678	7470	7310	-3043	-7994	8754	3802	-4010	-492	-2881	8042	4041	-5559	-8624	-2353	9027	-5262	7430	-8456	-7398	-2382	-9868	-9546	-6233	9147	1220	-1273	3164	-2909	3165	-7217	8450	-7190	4313	-1160	9201	-4327	-9504	-7963	-3910	-5467	-866
556	6705	-8618	298	-8243	-478	3042	8431	-3748	3633	-8498	-9737	-8811	4376	6419	304	663	-2437	7501	3963	-9936	8373	2383	2946	-6160	-8331	-8907	4812	914	7922	4949	-204	2180	2932	-5411	6415	5072	8290	8106	-488	8372	531	2829	-3212	1538	2459	2006	934	-2306	-6605
7038	-8626	6189	-3016	-3037	9283	6348	1501	-5773	-6650	-1959	1268	128	-1508	7852	2853	-1002	-6447	-5777	-3090	6864	6114	-7422	6722	5	2937	-3282	-8443	8811	7647	-9650	4383	-4930	-2066	-4861	5296	7754	2534	3842	9278	3040	-5772	-5043	-8691	8614	-895	711	1914	8157	929
8591	1268	-954	8558	-9109	-2410	-1992	-3545	4289	-4076	3230	4657	2317	-6274	374	-649	-3250	7863	1601	5847	9539	-9148	-879	-4576	3296	2501	-9971	-4386	6289	3652	7554	-4738	-9190	-4156	7011	-3556	9027	9089	-222	2867	4736	-494	-8065	2495	-6091	-6056	2030	8886	9172	-7491
-3611	6416	9226	-6817	9630	1376	7204	-8073	-5759	2352	6474	2595	7088	-8080	1473	-8868	-749	1334	7025	3120	3293	1137	-5977	-1137	6359	4293	9159	1382	-9696	-6801	1704	-8390	-4747	-3495	-9514	5698	-1311	-4473	-5327	-3389	-5531	624	8431	-4659	-4120	-8210	6155	2745	6058	-8686
-6066	7093	-1121	-8280	-4521	9222	-449	-2781	5379	9987	1413	-2901	6668	-1474	5090	-1512	-9958	-473	-9539	-1683	1207	-4128	6347	-5576	6592	7832	-1549	-8563	-8355	6683	-7498	-573	-2068	-7360	2642	-11	-9577	8839	-8653	-9330	5049	-2040	3833	625	-7851	-8021	-1597	3362	-6632	-6925
4469	-5125	374	5519	5780	-787	7376	-9499	-5308	9004	6653	-3403	3442	-9956	-1878	1748	6075	-7482	-1968	-4368	5149	3069	-4503	-3442	-9371	-2668	2510	-5393	6973	-5101	1519	3983	3684	8698	1215	-6955	-6345	2977	3131	4286	-9016	-6848	-3070	5692	-4428	5278	1415	2843	-7377	7301
1303	-3186	3608	-2441	8950	2344	-1142	4845	2323	557	9893	2070	757	-5995	5093	1284	-3096	6735	-7276	3273	-786	-7468	-8402	-7800	-480	4845	-3169	7863	6967	-8981	-4874	-2258	-8616	5518	-4210	-761	-5100	-4456	1019	7365	-6967	3545	-5453	8133	-6315	-6620	-5127	5301	-2587	81
5434	-1069	1993	-5751	6306	-4449	-647	7223	-6809	5504	-547	-8647	4014	5003	2193	3239	-3292	3297	8221	6435	-442	1281	432	-700	3398	8650	2345	-2433	-4023	3135	-5208	9280	-3061	-1300	-6297	-1733	3977	3818	8752	-7150	-4141	1212	407	-8826	-5778	4988	-4244	4818	1487	-4822
7042	-8085	-2572	-6965	-5151	-5017	8684	216	4846	-2576	6069	6405	771	-6594	310	1321	-6060	-4597	4660	5079	-7431	7248	8423	4941	-733	1441	3802	-7358	6628	-752	-1611	6837	1074	7111	-4454	6414	-4085	1486	7211	778	-976	-766	6906	-9312	-5726	3111	7948	-6653	3510	1904
4801	-6016	-9588	-8296	3057	6248	1977	-2906	-6710	1738	8154	7003	2100	-7185	3850	501	2604	4174	-2729	-1101	-8509	-6459	-3493	1027	-8082	-5772	-6191	6997	-7752	9369	2810	9913	9519	3052	-2513	7505	6049	949	8032	306	-3745	-3731	2553	-4668	5851	8820	2283	-1595	-3955	9877
-5454	-9181	-8733	7668	-660	-534	-4841	9516	-7572	4397	2068	1773	689	-8910	8186	-9838	-4051	-7251	-4491	631	-9217	1762	7048	-6183	-6516	-1100	1957	-1357	-9644	-203	3320	2228	-1577	2942	898	-8469	9976	6664	5545	-6327	191	3542	-9082	-7242	9630	1940	-2988	6459	-133	-1691
-8756	-1934	-859	-5345	-4998	-7191	-311	-6861	-4687	-3405	7860	-548	814	2748	-1898	-2185	-9935	-9520	8430	6891	7438	-9456	6158	-8404	-8423	-5418	5017	70	7714	5242	-3303	6292	-3978	-777	-7189	-3524	9026	8029	274	-6899	414	-7259	-3129	-5792	-9733	2587	9837	-9700	3035	2604
7449	2930	-738	4583	-896	-7175	3952	582	-3431	-4188	5957	2310	6651	-4950	-2550	-4615	-4659	6727	-3694	-9678	2642	-9228	-3371	2073	5362	-3036	9408	3593	-4669	-7882	-231	1869	7384	2436	-7880	-1076	4125	6590	4200	-3383	-5510	-1997	4864	-9432	-2191	253	5094	5392	5210	3011
5119	-6694	-3036	-5791	2113	9386	-8835	7590	-8407	8114	8248	-513	5181	-9717	-5545	2443	-4844	-8709	7302	-5605	82	-5296	-1919	3658	6418	-1208	3001	7788	-6874	-6859	-558	-1086	84	-4023	-2231	2480	5424	4231	-3365	-4485	-8021	1683	7609	6506	4652	-6773	-4414	-2551	-539	9113
-3688	8595	-6545	-1854	-9027	8495	7673	8765	9652	7380	-3988	4992	308	-6017	8383	1300	-9556	-4289	7252	-6501	-2282	4588	5473	5434	3856	1419	-878	7015	4485	2804	1775	563	9236	4742	8715	-5635	2981	4019	-8660	-343	-7486	7110	-5286	-1440	-2196	3313	9729	8575	-2743	9109
449	1228	4822	-2161	4099	-806	-9605	-1245	-5737	3990	-294	2252	-25	2360	-5965	-3616	5597	6153	2853	9912	-9403	-7320	8372	4018	4356	8294	2837	-1240	-3691	-7752	1707	-9067	-5411	5479	9592	-6869	-1902	-6073	-3100	-364	3799	3499	8480	9194	8120	6502	4899	1797	-9414	-6406
-211	8847	155	-973	473	789	-1141	2508	-9323	-7749	1264	4408	-1302	-3685	1916	-6537	-7400	8813	6206	-8740	-9281	-3796	-1058	-1352	2767	7077	-1160	5954	-4360	6196	9254	725	3064	4493	4900	8953	8433	5861	8110	-6987	-7477	-1353	-5018	4318	5119	3808	7984	125	-9447	4136
7504	6048	-7513	-2935	34	-1581	8537	-329	3495	7290	-242	-916	2960	7088	-1480	-9710	-8401	-6346	-6461	-590	9938	-5412	-6393	-4099	-1732	-5886	300	-8857	-9648	-2813	-6423	-3619	-687	-1856	-5562	-8530	-5774	-9800	6066	-7780	8393	-2724	8077	9796	4846	-5951	3228	1346	4397	-9138
750	9477	2530	-3597	-7464	2084	4227	-2090	8195	-7249	-8820	-7525	-6513	9778	1350	7670	-1152	-5820	-1610	-8266	-5921	-5573	4874	-9375	-8009	-6792	5167	6980	1108	-851	-8530	5534	-7995	3922	-6516	7229	9067	-8529	-5035	-5670	-5920	-9942	8216	6669	2282	2146	-940	-1300	-3465	-3905
-2758	-1234	-6135	-3895	7273	-5121	-5590	-6455	4199	-5326	-3518	-2194	5602	-1952	4253	1560	-5522	-9066	-6006	1938	4300	-4539	-1749	1331	-1262	9945	-9544	-203	9792	-3237	-413	-2508	783	-7208	2792	7295	6366	4898	-629	-8419	3091	6122	1914	1504	1859	6150	7157	-3158	-3259	-8059
-6843	1397	-1267	7654	8792	-5485	2348	-1824	7411	-6556	1889	-2537	2865	-4903	-2765	82	7723	-4534	-8079	-3192	-1039	-5930	4910	-7331	-7885	6898	1180	6446	9704	2774	-2784	692	-8708	-4576	-727	6890	-3347	6035	-6705	-2329	-8065	-9184	6144	6034	1657	5207	-108	-4902	4312	8325
1393	-9332	6541	-3710	-6884	2408	-4233	363	-811	4358	2511	9417	-4303	862	6830	-1729	3549	-263	-8366	9233	105	-6878	4717	8064	-5079	728	110	4721	2914	134	-4841	5139	4591	236	-8427	-6553	9000	848	5813	1535	-348	6561	8402	-1815	-5993	1085	-1228	-1925	-795	-9628
-6190	-7241	6028	-6542	-3882	-1582	6038	3427	-1371	5507	-2812	655	3751	-7103	-9809	1856	-9672	8596	-3009	1387	2264	6775	-5437	-7747	6170	-8781	-728	222	-2370	-2601	-7202	-1114	8738	9734	-9255	-4861	7673	7896	-7926	-262	-4630	2521	3447	-7315	8412	3008	233	-7839	2872	-6191
6599	-8956	-3455	-2174	-966	-3208	9509	-859	-1889	1590	1255	-7659	3715	-9298	102	-6485	-192	6517	-9258	1286	435	-224	70	4702	-5639	-7279	-4297	-6138	-4707	-3185	3934	-8712	-4970	2759	3393	-6630	-4532	9657	4679	2207	-6063	4155	-3927	8005	9875	-3939	-2421	-4260	-7755	-5722
-4228	-2227	8472	186	-5788	-7643	-6500	8076	5323	4648	-8244	5576	-843	-3400	4632	-2273	-6271	-4630	-2126	-8560	-1728	-5153	2956	5808	-1380	-940	1825	-628	2470	9235	-6053	-8813	8937	8307	-3711	3029	-3714	4088	-7956	-2914	-5698	1713	7603	-4371	-8449	-6060	8360	1452	3605	884
1110	6144	4859	-8449	-9163	3038	9916	-3066	2740	8421	8389	-9773	-3638	9842	-1833	-8668	7776	-4325	-7637	7300	5945	-4463	-5729	5729	6712	-8357	-7162	3488	5641	1281	-6075	-1034	4173	-3207	-9733	-7914	765	-3256	-3443	-1779	9089	3427	-3283	-4518	8579	9567	3897	5134	-6123	-1029
-7441	-7520	-2751	5957	-4050	-905	-9168	-4204	-8150	5190	-8553	4467	-1233	3606	8478	7469	-305	-5316	-9807	6167	-1121	-9273	4103	-389	2203	-1263	847	4213	1999	6020	3942	-5557	-9490	7426	-471	-4693	7329	54	1299	-5412	6019	-4909	447	-4464	-5156	3098	2390	1003	-8641	-7577
-4278	349	-1074	-5152	3270	-2938	9760	-7379	3956	2020	8787	6636	7773	-5079	3003	-3861	-4676	4398	-3594	-5105	-394	-4570	-2844	1375	9254	-1429	2146	-2500	6637	-523	4888	-5843	-3625	1490	9711	-3221	-5231	-3433	-6903	-7460	-8319	2250	5721	2062	952	7754	1854	-669	-9758	-3186
-7617	5168	-4818	994	-7963	-9858	-4090	2951	-1060	9037	-3708	-4724	6209	5659	6716	7317	1395	-1826	-535	-7109	3217	-7199	-831	-3514	-1856	-7016	-1275	-6430	-9117	-1484	1455	954	5690	887	1792	-953	-6533	6318	-574	5876	7931	6235	2790	9582	2827	-2054	-4446	8311	-3150	-6090
5594	1282	-4057	-9970	3501	2502	4348	6583	8535	-3903	-8077	-105	5568	5291	-7032	8786	-444	-9168	-4786	5155	9274	-1408	-9581	-92	3180	-9536	-4870	-3783	-3703	-4476	5025	-6889	-8842	-1858	8834	1964	-3650	7065	5003	-2958	-3467	4982	8749	9832	6327	-4553	8905	1763	1180	2782
-2496	-9266	-750	-3081	-3250	-749	7283	-2526	-8014	-9594	-5638	5981	4971	9757	-8278	1310	-3770	-8211	670	3235	2400	4565	7650	-4986	-8253	3480	-7139	-9882	2057	-4485	-6724	7553	-9852	-4122	1591	1342	6653	-1278	2735	-6359	-1334	-789	-6383	6029	4519	6093	-5532	-2837	769	708
-4118	503	934	7963	100	-2410	1910	-3338	-4512	-7552	-116	-3965	-1644	4961	-2603	-4428	-8511	-9463	8339	-6035	-874	1992	9148	-9006	2487	-4383	1074	671	-3180	8025	-6132	9130	6789	9258	4084	-1716	-6966	465	-4128	-7198	8048	2845	1392	-3019	1244	-6003	-3343	-5193	8963	5262
457	-5021	3534	344	8179	-6569	-2023	2707	-8993	9461	-3575	6962	-9200	-5919	2347	-8553	-8553	-9266	-4825	-7869	-6744	-1409	7937	6923	485	4026	-8770	-6412	685	-8994	-4421	1704	3796	-7663	-9014	9562	4165	-6208	-974	-4435	9690	-5997	7153	5120	-5529	-2814	57	-7073	9160	-3189
-9546	-1753	735	-1588	3767	-7377	-159	5304	-1840	-6459	6963	-1650	9594	334	-2498	7857	-8397	-6588	-5144	-1440	-2178	-7727	7651	1581	2115	-1264	-713	6519	341	-8041	-7617	-8255	9330	9368	-9594	8380	-5956	-8857	-7356	6215	-6430	-2907	-1507	4751	1861	4123	-5422	2228	-7253	5727
-9011	-2463	-124	-8515	-2140	-8090	7411	6369	-3219	8357	2962	-3771	7326	-6440	-8549	-2147	-7332	-7458	9265	3830	-9740	7798	3069	171	2268	7333	-7707	-9570	-8642	5	-8083	8666	-2556	-9891	5345	-9878	2653	-4838	-6916	3115	5029	5706	7972	2889	-7991	-5991	4070	-3088	6883	-54
3413	-9976	4688	8652	-5365	-805	-2068	-7476	-1492	-8179	6457	-7387	4823	9765	-9759	4621	-6799	3013	-2432	3761	-2705	9625	3763	3901	-3403	5015	-7657	-2229	3947	-3490	4391	6402	-2044	3158	9429	4643	-1553	-9621	-1244	-9419	-889	7410	7259	-6137	2132	-2366	4420	2579	-9591	-69
-7158	-962	3892	-2309	6591	-8334	-1357	1423	4631	6950	-5790	-7070	4540	5305	9892	-926	-6318	-6436	5889	-8426	5894	6199	6142	4604	-6525	-3812	-7266	-5505	-6537	-8314	7860	8782	-7690	3384	-8293	-3740	-2453	-2253	-1255	-8240	-862	-2772	-55	3199	-1808	6461	-7638	9783	2910	-6025
6260	-8843	763	720	-2613	-8018	-2743	7880	-4716	7239	8604	3248	-2241	-864	-2001	690	1755	-9724	-1369	-1125	9050	-8584	8171	8811	6465	1994	5583	1872	581	-587	1016	-5034	1637	-1022	-4668	-8454	-756	-4748	-9087	-7712	475	-749	-6562	3214	4274	-8733	4511	-5381	9756	5877
5304	4081	6710	1810	5010	-9773	-5785	4412	3002	-7267	-4320	8625	9813	3234	5333	9524	207	1742	-5677	-8973	-7763	-1267	8373	5145	-5694	-3244	2256	2352	6266	9247	1176	-5152	-4841	-9888	9281	5007	-8455	7194	-9512	-4754	-9199	6188	6659	-17	-8537	4886	2646	1621	-2085	360
2370	-4422	-6881	-423	256	-9964	-9066	3649	5733	-6225	6522	-5627	-2354	301	-624	1773	3210	4773	-6857	7481	-4726	8752	-9034	8384	-5717	-8434	-5775	-3282	8627	-8132	-8675	-697	6697	158	-5682	2770	-7115	-6770	-2897	8873	-4380	8325	-5465	-6349	6058	-214	2212	-4870	-8027	308
9105	3019	-4257	1060	5885	-3250	-8437	7131	8080	-687	3288	-8780	-3999	9301	-3313	-2085	4527	6639	-5044	-7072	-7827	-8740	-3515	-3999	7583	4988	3443	9518	6292	-2380	3359	2756	-2455	8755	-7860	5430	6622	-4572	2203	-5230	9724	4417	5530	-7843	8628	6854	162	-8495	6718	-3526
2991	-1429	-3987	-6402	-7725	-9781	6009	1940	3987	6027	3459	4270	-5933	3846	-7959	-7587	-5595	2246	4456	5803	-1872	-877	264	4437	8411	-1513	503	-8298	6750	-8615	-3880	-6849	6501	-857	-1818	7648	-7987	9463	4465	9674	-2456	6617	-7077	9899	-1923	3214	8393	8521	296	9872
-2398	-6662	-9980	-653	-4788	-9558	4575	1382	-9309	-9049	-523	3967	7631	5534	-6149	8428	7286	-2815	-9762	-4300	-9008	-9095	2578	6340	2220	9389	3293	-3366	9641	-2709	6872	2281	-2075	6671	-6218	7281	2825	-9303	8693	107	9309	579	-8314	1192	5618	-3599	-4074	1184	-2711	8352
8297	2133	5748	1222	-1369	5242	6225	-8900	-816	-1173	-3512	-391	-8959	-3745	-624	-9000	-2268	-7069	-7903	6523	-1208	-5345	9165	5134	3488	-5254	-8352	186	8557	-3744	2906	-1025	1690	772	9132	3741	-5230	-4211	851	3509	6616	-8929	4752	7626	505	4818	-2960	747	3433	7351
7481	-9010	-6905	-1338	-5099	-1800	2250	-543	1430	2311	803	6234	613	-1682	-3745	7972	970	-6646	-9501	-4779	-1796	6555	-8067	7114	-4071	-6548	4742	6430	-763	-4446	9618	-571	292	1084	-7936	-9539	-9122	-6083	-2416	-5370	3536	-3465	-7929	7354	-2438	-3229	-3925	-5844	-235	-9217
5573	-3775	7682	6194	1084	-1080	-687	9020	-8542	-5518	-3976	7350	-3835	1233	5149	3189	-4244	5183	-5265	2123	2073	889	9356	878	-3024	-9647	701	727	-6316	-5440	9925	119	9390	-914	4016	3976	5361	6638	4796	17	-2644	8006	3639	4645	688	529	-7727	7268	719	3681
1722	-9468	3539	4219	7774	169	-4097	-3605	-4675	-2814	1190	-9234	4178	-504	-6379	4654	-3425	-4294	9097	1666	6391	-1866	3313	6259	1426	-5983	8680	5614	2825	-2133	9526	-8545	5633	5711	1444	5761	-2105	7987	-8827	-5220	-3803	-7123	-4783	7365	-7890	969	-9733	-874	-1876	2689
-4446	-123	-8956	-6559	7670	-3025	-2106	5709	-1449	-4716	7524	-1195	-5191	-9450	-3236	1278	-3053	8694	7522	-662	-4161	3371	-3593	3549	-704	4054	8533	9764	-7000	5681	-3786	-8710	-9708	-6151	-5400	-346	3298	-5666	-4427	9190	9802	7797	-8507	6138	-6561	-2247	-2772	-9611	-8483	-941
-2228	6267	4908	5582	3800	6282	-5855	5905	278	2849	9963	-3684	2569	-8128	-9597	-2923	5390	-7052	-9711	4908	-7792	-9327	-1943	5308	7027	8684	7435	-5707	-8414	-8778	-6188	-6537	-925	-5544	-162	908	-8729	7101	-2177	-7334	-120	-4438	-8203	3445	-3086	-9419	2906	-2267	-5330	-1521
-5843	3614	-8402	-464	-6391	784	-9994	7206	7717	-2941	-952	-5290	2584	443	-6961	1825	7482	-9875	-712	-9362	2035	129	-6159	-1804	2079	6199	1905	9038	-4219	-1168	1289	-1284	-8487	-3442	-6460	-872	-9927	1631	-4569	8910	7736	-4092	-6795	-3016	4388	-6050	-2647	-461	-6222	2337
3551	4883	-2513	5106	-9347	-8864	7484	3477	1376	-1271	-5623	1757	-2877	1264	383	7845	3560	9799	8805	4299	6618	-6554	-3542	7708	5668	-1441	473	7072	-7334	-9976	4246	6040	8863	389	1345	6659	5967	8186	6664	408	4544	-3374	8966	9824	1248	-5620	-7982	8957	-8950	124
8372	3781	-7116	-9114	-2825	-8176	-3066	967	2783	-1572	3776	1687	3716	-2438	-5701	9495	3368	953	6049	-6980	-5676	8257	4650	187	758	-2908	-6975	-902	-3983	8754	-9949	-3167	-6186	6095	-7873	-2765	3694	-7283	-9815	2019	3005	6400	-3684	7637	-936	-4743	8462	-2790	7124	-2224
-7444	-883	1428	-1124	6519	3415	-3995	3041	-9363	7923	-3213	4587	2472	-5111	9387	-5963	6439	-302	9918	882	-205	-327	2494	-2645	-8891	9976	-4729	-2238	-5200	-2899	6095	-8478	2726	-4288	1452	-4594	6307	1501	7507	-8810	-9431	966	-8372	-4128	6395	-966	-4000	-1403	4308	-5159
9204	2421	486	-7959	-3033	-8061	4401	8328	2562	8215	-1939	-7648	8115	282	7254	2563	8583	-7865	-5549	9961	-3438	-4341	-7176	1341	5192	-9747	1379	9490	5045	-4632	8108	9207	4626	-9750	8784	4571	-3603	3514	-5561	-3794	8622	-2500	5040	-7127	1755	3289	8174	-3892	5508	-6886
-5721	-7968	2414	-6285	604	2503	568	1483	-4060	3381	26	-3448	8103	-8819	-3141	8630	-2168	4651	-1099	1868	592	-6390	-4674	-1386	-6867	-7510	-4469	-4894	-8098	1260	-2925	-7479	8765	-7275	-1940	7285	-5703	-9246	9971	5648	-3586	2386	-7008	7183	3479	8316	-7095	-6597	4704	7935
-2156	-3590	-3768	-8730	-2488	-4929	3176	-466	-4538	-5641	5052	1987	-9819	6697	2948	5398	6822	-1053	-6757	8142	-7560	9305	-7681	-7018	-4278	4556	-7896	5309	5649	-6416	8081	4020	-4929	-6425	-5416	7427	4321	1197	4955	5450	-4907	-2198	-4770	-1221	-9954	-9804	9133	-1888	1565	-9753
-5648	-8408	3949	9200	-484	-1985	-9006	-8403	7517	9929	-5384	-3577	-7133	-5890	-8279	-6928	-3682	-9407	-9162	2300	-5804	-4911	2310	-6197	-4754	-6475	-6018	-4539	-4163	-6805	-7942	7877	-4557	-226	-9456	7605	-5104	-9640	-482	-6422	3917	1968	1724	-9440	1256	4483	6509	-5042	7122	5654
474	1897	-3157	4194	3160	4212	8739	1326	-4707	-1931	-604	-1877	-6336	-9516	5209	5933	1965	-524	1338	2387	-9864	-8158	-4144	-7099	5329	8948	8546	5946	-9125	-3550	-9114	-414	7216	-4410	271	-8254	-5431	-3258	-2915	-4647	2080	-4197	134	1212	-1642	9492	-4165	3180	-9133	-5350
-8805	-1803	-7289	4363	-5851	-6862	6287	2162	-7510	1297	1362	758	-3026	5619	4480	-5195	4577	7791	-8732	-3677	-1598	1408	-1439	162	9402	7917	-7994	-5050	7138	9398	328	-9846	-7834	5655	1479	-2108	727	8941	4814	-2500	6973	-8862	2409	-4407	-2261	-1465	-975	-3113	713	-9311
-4812	-3410	2868	-5672	-2409	-5233	-7399	9680	7438	-2163	2681	-2039	5453	1609	-9431	2870	-1951	9550	-607	-9955	9317	8030	6064	-2499	5738	-1834	-1550	-5183	659	-6648	-3015	1426	4584	636	7307	2066	-7410	6062	-1644	1840	-9072	-8933	3877	8129	5408	-8428	6231	-7696	7100	5375
-7264	2461	-4323	6377	6800	1945	-5299	-9250	-5037	6652	7879	3423	3695	9901	-7439	-2283	-7706	1094	2133	8885	-2732	3063	-5217	-7312	-8784	9746	8809	-3958	5810	-5521	6806	713	-5055	-3522	-450	-8912	8329	-4035	9031	-5814	8063	7428	9624	4444	-2135	-9904	-7120	8286	-4209	920
-8113	-2223	-2839	-3140	4042	-8776	7071	509	-3790	-2130	2407	9842	-3972	-6612	-1821	-9572	680	7770	-3769	-5571	-5383	7621	-5445	3104	5254	2007	-2810	2704	-9944	9383	8091	-9721	-1212	-7812	9942	-3939	-3932	-5812	-6960	1720	-9177	-7657	-771	-1849	285	4766	-2218	-7253	9077	-8561
-578	4326	-1756	2630	3018	-2596	-7780	-9786	-2364	2718	-9792	1130	-8347	-3679	4171	-5398	4415	3346	-6074	8071	-3148	-190	6011	-6744	-2997	5271	1816	-3199	3475	-8536	5791	7586	-9968	-4177	-4119	-7098	-4656	7362	-4426	-7961	8556	7955	6436	-7249	3982	-1243	-9448	814	-607	-2595
6006	-9669	4797	4082	5209	-7839	-7395	4685	9371	-9617	-7872	-3079	9119	-2139	5804	-8357	-8629	-9754	2272	-5644	-9787	-1371	-1518	-5130	1562	4915	474	-1656	-2766	1237	-2720	-6655	1173	5968	2159	-6505	2077	-708	8209	6074	-5767	-1530	-8071	6076	-8227	8419	-3811	-4723	9069	5855
7411	1147	-1454	-8560	-9878	-8829	9751	-9241	-6923	-5938	9004	523	-6387	8033	5670	-3534	-9296	-4822	-199	-2010	703	5062	4245	1527	-5527	-9574	568	-6459	7950	-6445	7895	2952	-3086	-5751	-9277	-4601	4618	-8478	-8670	944	7582	1394	2182	1178	8919	-5952	3843	-1602	8110	-9573
8257	-2401	-6799	6357	-1909	-1301	3867	8499	5701	-5430	-8031	7687	-7941	-7510	999	5982	2360	3709	-5675	696	-1882	5415	-8770	7416	-7450	-5975	-3269	-9747	-8647	2140	7438	-719	2525	6321	-1571	2604	4723	2263	9437	5080	-4148	4787	-8532	-8240	-6214	1803	720	1726	-6601	3950
615	1687	-2319	8347	-2671	8586	2181	8529	-7090	2873	4600	770	4510	-3591	4107	-7894	6640	2006	9790	-3928	-3150	2525	-2121	1687	-7999	9039	-8464	-2621	9723	6675	8784	-3587	-5654	1868	5729	-8733	9796	-2041	8707	8697	-7741	601	3094	4697	9371	472	4619	-6939	-9755	-6551
-673	7660	9163	1198	-1586	-3165	-3041	-6619	9669	-1912	3123	2600	-8297	-4970	5543	300	6333	7237	-7077	-3990	9617	425	2695	9390	7067	-6995	-7751	6494	-2916	-7737	216	-5584	-6280	-8692	5501	3043	-715	-4136	-7524	-8326	3474	-7724	-7675	5781	-492	-5064	-4068	-1113	8555	-5081
-9306	-9164	-5828	-2463	9448	-5654	-2611	9390	8830	1182	-6888	781	1767	3126	-3435	9801	4135	-9764	8823	-3665	7406	7252	3261	-4219	2441	2953	5527	-7227	-8501	6297	2650	6858	1363	-1045	-6893	-4636	2307	-3802	-1457	-2753	-9998	-1528	5699	-6210	-2195	7040	4014	-9241	-8041	1762
2972	-4906	6747	6570	2872	-9332	-8249	6885	8744	-8984	-310	572	-1712	4290	5530	-9288	-236	3240	3380	-5544	-4730	5051	-5808	-8737	217	1952	1537	-3262	8684	-9415	-8868	3707	-740	5296	-482	3514	8050	-5947	-1258	-5987	4135	-3748	4012	-3337	996	1606	1370	8404	-827	1014
4539	2454	208	-5980	1936	2852	-2172	-8519	-5344	4630	-8837	725	9404	8750	-3214	5733	3075	-4646	-7671	9555	-1573	6831	7476	6614	-8811	7987	-9876	5421	-4377	-8581	-8962	4215	-6016	3108	-7824	-8164	6813	7665	6351	-3973	5661	-499	9916	-8011	1408	-8606	1594	7223	4471	-1230
-483	-7924	6719	-4422	-3095	3748	-4814	-3808	6489	4299	3755	-8894	-7474	-7493	-1418	-2892	5887	-6024	4007	-4660	-7335	-2852	816	-1275	-4614	729	-3765	-5767	2556	5566	-5362	588	-5297	9076	6374	-7346	3218	-4469	-3581	4021	-1097	-6771	-5345	-1783	5330	-9615	1389	1067	-7101	5586
-2123	4700	-5485	-4077	8483	-4644	-9580	3660	5589	-9803	3284	-4140	79	-7021	-5156	-5162	-3344	-3302	5530	9215	3214	-3263	-7031	308	8544	-758	277	-3972	1644	-8468	-4879	2218	8253	6771	-639	4533	6385	-1327	-9244	6893	-5330	7231	8394	8237	-6715	2978	-6191	-4703	-1168	1071
-9164	-1865	-2073	2655	2483	-6819	4082	-890	-3525	-7857	126	-5405	5224	1556	4723	-7087	-8765	8659	-5586	6659	3395	-2134	-547	-7261	-1132	5025	4285	503	8179	3696	-5752	3440	-4068	4383	3380	-646	-8793	460	-8259	-415	-4966	-9271	-2764	6286	3033	7165	-4533	4610	-9457	6558
6572	2799	9310	-9346	-635	2943	-1747	-4209	-4107	-7596	-7901	6574	1787	-6461	-8942	7862	-4109	-8550	-1391	5552	-9902	-8704	-9117	-9922	685	-1490	4648	-2279	-4230	6577	4623	221	1278	5815	2092	312	-9619	-8253	2228	4954	-8477	3309	-6723	-5826	8240	257	-5773	723	9868	-8522
2357	4912	-2364	2179	7186	-69	-55	1701	-1448	-6437	3773	8848	-9400	192	-9533	4489	4227	7434	-6866	-5614	3836	-4948	-1924	8119	-5532	-1233	8133	6010	-830	-585	9538	-9266	-4470	-3209	2689	-6213	3715	9536	-9592	734	-4399	-3013	-4002	2285	-590	2062	-8270	9479	-8337	-7009
-1463	-729	-1929	7871	5422	9803	8000	-3672	2832	-4741	415	183	-8582	-733	-6954	6043	-124	-4010	6563	-9275	-5392	-148	9566	9283	5065	-4339	-6474	-8560	-9013	-7332	2954	9722	-6421	-3784	1355	5440	-6081	2118	-8836	-9908	9368	1945	2951	-627	-8996	-8796	-4945	78	-8076	7276
8808	-3586	9348	-6636	5888	-3359	6121	-7605	-214	-6650	-1709	-6822	-6487	-6143	1194	9472	504	5353	-7516	-4632	2554	4595	-5767	-172	668	4420	-4354	3475	-4930	-296	9217	1027	-3243	-9203	5877	-8788	-5480	-2811	-1909	9638	4214	2332	-7219	1515	4395	6937	4352	3877	-1311	3578
-2868	1837	7686	-8608	5056	-7995	1409	1869	3088	-8070	469	-9118	2645	-1084	-580	-5868	7683	5526	-7276	-113	3095	-867	8018	-5089	-5371	-2131	1496	9244	-3118	7071	5440	-8813	-2967	-3715	-87	3759	9344	-8746	-8620	-5168	3909	9524	1683	-2377	-6045	7893	-702	218	2063	5128
5104	-2497	1986	6670	-8124	3461	1418	1677	9569	4584	-5452	1507	-1568	-1623	-526	-6434	143	4927	5750	-1153	-6740	-6660	2754	-2902	-2274	-4149	6592	-8876	-466	5431	-4955	5434	-9925	20	4606	-8033	3566	-5393	-6582	7074	-9742	1929	-6834	8322	8420	7741	-2351	-3714	-5902	5121
3123	9193	-6450	1261	-3684	-4686	4842	5645	-6213	1820	9096	190	7961	-2962	-1446	211	-2423	-6918	-1577	2839	-7101	-2781	-9078	-6975	4562	-8321	-4091	-1083	-4533	-1160	761	-4385	-8259	-8381	3173	2854	1655	-35	-7075	-1965	7542	-1702	-9297	-1016	8315	9748	4392	6814	7788	4725
-6173	-8977	826	-8435	-1693	-6545	-3974	-2724	424	3292	4319	6319	-4576	3649	-5135	-9618	-7440	-2644	-3170	-7439	-1283	-1618	5333	-4418	-3087	3406	-6077	-6828	3535	-2012	-9103	1181	4769	136	-3856	-989	4292	-9409	-1483	-758	9403	-3796	2611	9705	3034	8693	-1268	8805	9319	-8767
-7867	737	-4183	2588	-6783	5926	-643	-8800	-4358	-3092	-1268	9931	5615	-1987	-302	-1460	1054	619	6748	-9996	1421	8282	8609	2600	6922	390	-4140	-4095	1222	-1046	-9398	7923	-4727	9903	-1240	8437	9549	-1387	-8823	2742	6072	8818	-2408	629	5868	5324	-8296	6036	5660	-1466
4146	2677	9318	8097	-9086	9435	-6074	7135	-103	-2646	-4607	5600	-4288	-4093	-7042	2943	-135	-9358	-5758	7325	-766	-5391	-6819	-6805	8877	-3830	-3110	6757	9998	-290	1746	630	6717	1094	5908	559	8650	-6225	-1208	-2467	7847	5189	4069	2306	-9281	-2146	4010	573	-3405	5495
-8051	8229	953	9818	6038	-4003	2875	9102	4853	-7875	8509	8793	-6555	8605	5197	-2882	5047	-8946	7426	849	3454	-8245	-7265	-9282	3923	9812	-5298	-5235	4503	-1898	5446	2165	5561	-9958	-5082	8306	-4240	9972	-2766	8363	-6818	-3910	9022	-4978	-4749	3190	711	-3359	8904	-3612
6982	4546	8878	-32	2025	-2044	5908	1017	-7818	-2393	8301	6883	2643	-1824	-4593	1450	-3394	4345	-3273	-3925	-2773	-6269	4720	3202	5910	-5148	5976	8980	-1987	7501	-1897	-3326	-1994	-1341	-8405	4759	2033	-7032	5576	6457	-3359	919	-8150	-4776	-6941	8653	7280	6909	8610	3827
-9028	-1111	-504	-6505	-7719	-4698	8928	960	2587	7480	-7510	-849	2788	9681	-7752	-8157	8636	-379	-651	6837	-6019	-2978	1351	8101	4371	-3742	3106	8748	4362	-5203	8802	-1089	5350	9677	-3536	-3055	-3161	-7180	-251	-8095	-4210	-6977	-6616	1584	4487	5070	-9551	7988	4791	9147
6120	-7200	1132	-6787	6335	-8011	8783	-8647	3836	-7705	5643	5402	-2327	3128	-881	-5578	-7059	7130	-8510	2068	-2052	2938	5881	2248	-9283	4108	-7485	-9342	-3278	-4601	3182	-2192	1795	3774	-39	2897	8315	-3222	3513	2584	-5565	-9368	4470	-2850	-521	6924	5022	7796	1750	-9471
-9951	5591	-6762	-2597	9084	-49	-7049	-8267	-5154	739	7410	-1135	1061	4668	-3475	5772	2020	5825	8864	-5267	-4234	7167	-3581	-4645	-3861	5113	4888	2140	-8155	9748	2422	86	478	847	-3794	651	6729	-6823	-1492	769	-7559	8289	7347	-4504	7552	-5101	8919	8267	104	-6926
6268	-8498	553	9557	6735	-8328	2965	6827	-2403	234	4545	-9766	2273	-6090	-1277	-6611	2082	3003	259	-796	3388	8913	-7478	-2576	-6811	9294	714	4935	7871	1604	-5138	8486	-7431	-4058	-1921	-2499	1590	-7347	2500	-5585	-7925	2454	1952	278	-3929	-2316	-8516	-2470	8190	-8161
-8322	5585	2944	1268	-6503	9637	6085	4892	1587	7705	5858	-1498	-5179	-1273	-6582	-6324	463	2350	-1075	4715	-2266	5102	-1891	-9975	-974	1652	-8487	4187	-5370	-8096	-9502	2111	5917	4894	2390	9847	5948	-7300	1804	6245	1338	-862	-5024	-6093	-6789	-7739	1464	-8823	-5549	1496
3159	4082	5448	-862	6623	-4438	-9396	-9577	9220	9151	-6473	7232	7359	-9332	6888	7789	7630	-8172	-2545	1395	6716	-9346	5566	6418	-1718	657	9646	5460	7609	-1488	-966	-2381	1997	2162	-3939	3577	8174	3096	8575	-8043	6793	-6418	-5011	-2976	5952	2311	7008	1169	-3621	-5801
4306	5253	-4569	743	1889	8948	-2772	-3587	-3889	59	9929	-2788	1345	2765	6278	-6362	3744	-5563	9156	2772	-1569	-3170	-746	-7727	-8119	1941	7576	-1529	208	-96	-9607	3078	-6884	-6785	6451	4722	6175	-3358	-3355	5372	7405	4355	167	-1526	-5964	709	8353	6494	-2675	6505
-866	6868	-2914	4984	2746	9601	8255	-219	-889	-8776	9094	-3467	-1732	3500	-3106	-6461	-8506	344	3132	8826	-9828	-5911	2722	3598	1939	-7543	-8739	167	-6512	-7469	3099	-5300	-5705	147	4633	488	6166	-9657	-7990	-1349	7147	-6565	-2804	2448	3766	-3226	-783	3062	9396	-2720
-4209	-8172	9245	-6294	3132	8541	5313	2745	9186	5443	9942	-3649	-7499	3630	-250	9378	-6436	-2870	-4098	-6202	701	6374	-9397	-2783	-8938	303	7429	8562	3283	-7256	-7361	-6138	2495	-1256	9798	7932	-6989	-5115	7257	582	-9488	-1500	6595	-4144	9764	4958	4658	5874	-1370	-2559
-5902	-909	-6518	-6056	5119	8766	6584	-8346	-6348	-777	6587	-7089	-6136	-8227	-5954	-794	9618	8831	6252	-5625	8769	-6848	-6117	-4611	3190	4727	5633	3797	-1757	-6933	-4774	8398	9322	8472	-8074	7896	-9425	-7249	4906	-5687	-4292	1250	-7609	-3141	2568	9260	680	-6564	-2380	-2549
2119	-2286	-4496	-7087	-2610	805	-5714	502	-1918	1979	9174	-6565	4263	9428	-5556	-1452	-2204	-8909	5360	-3977	5261	8520	9428	7748	-2434	-7722	1321	-3242	-792	-9279	3582	2988	-5827	-9862	4737	6293	-1008	-6503	-9138	-137	-9708	-5973	-9057	1006	3383	-9411	-240	5438	4148	7856
3500	7401	6088	-1946	7527	3521	9741	-1699	-9108	-4789	3860	9971	2077	-2724	2316	4046	8896	4021	7403	8820	1691	6884	-1868	7501	7500	-6589	1808	8441	-5634	-1431	-8921	6252	29	7506	4575	-7995	9679	8474	906	-5003	-2732	-6572	-9696	4744	4470	8190	-4028	5882	3269	-4198
7358	-2685	-8111	3229	8794	9692	5351	-3127	1128	4760	397	-8051	3279	-5363	-9150	5578	-4993	-4215	7837	-2858	363	-2923	7486	-5068	-1154	-9169	3880	-9743	-4424	5411	5556	9396	-8051	9577	-6457	-6719	-2644	9721	-7061	5063	9430	-8357	5604	5129	-9993	-9657	4279	-771	-9656	7361
-7671	-447	5078	-2683	-8285	-4853	3131	1811	6268	-8520	-4371	-1541	-2643	4574	-7338	2375	-6385	-1002	1107	-8130	-8367	6420	1815	-386	-6583	-5349	-959	-4443	1182	-4596	6170	-3382	-8229	-9337	2038	480	1246	2494	-3395	841	9831	-315	-5212	8329	-5989	-5939	-2040	8356	-2247	-8614
6967	-1124	-2845	-5935	-9606	-4244	6342	5262	-3537	2321	6988	9090	-7892	9624	4318	1784	8943	7698	-3603	-8942	-377	2788	-3735	-2082	7890	-4847	-9227	9617	-3504	4622	-5374	7960	-2269	-4624	-3036	-562	678	-9080	-5051	3015	-2511	-3999	-9724	1113	-2731	-6132	-9181	-9401	-137	-5614
8426	343	731	9520	2826	-5602	-8586	-1935	1960	9667	625	-1322	9883	685	5876	-373	-4650	4425	5653	2678	-7141	8578	1547	8914	8860	-7238	5172	8844	7521	754	-8403	1584	8848	-663	-3511	-5686	2307	-3414	2288	-7855	1253	4960	-8757	-557	-8824	-9932	-1963	-2995	-4889	-5577
-1304	-9487	-7962	-3632	8470	3955	-7942	18	7337	-5386	6356	-772	4086	619	776	6441	-4904	6039	-2326	-4888	3189	9378	828	7292	4607	-2421	7566	-3981	-6677	6026	7051	3470	2806	-1999	9606	-8424	5580	-3735	-5461	-3885	-6019	6735	-7896	1551	-9917	6747	8981	3605	-8291	-8442
-5118	-388	3396	268	5738	5991	-4485	5277	-5087	9411	-1526	3308	6424	2031	-7090	7118	6039	5389	1798	1271	-9514	-9334	5981	-1961	7190	3454	3862	-7370	5437	3434	-3650	5742	-1448	-6238	9442	-6970	-1922	3764	-2075	3049	3431	4436	1987	-9705	9657	4097	1959	6919	5189	-4994
-9446	4651	-3704	-4205	-2885	511	3226	-7106	-3501	8146	2778	4694	-7932	587	3281	-4199	-4322	-9914	-6721	2692	-5943	-5172	978	632	7426	6600	5146	-434	1722	9131	2550	1098	-3453	-1483	415	-9692	6889	4990	-4329	7745	8267	-2491	-3924	8937	6653	-6910	-4015	491	-9466	-2927
-1627	-893	-1268	5701	5681	9245	-5320	-3036	-4585	-9419	2765	-7968	-7781	-7379	9770	-9339	-1128	-577	1726	-256	3527	-4455	-5994	4939	9425	1900	-9289	6906	-7415	3877	-9042	9287	5093	8379	2934	-7694	-7801	-1083	7588	9274	6259	-2814	8268	768	-9033	1937	-1809	-9525	4080	9645
6855	-6607	-8989	4048	9692	-212	-7741	-6384	-7389	9991	7101	4012	4095	-9716	8469	-5159	5411	772	-4827	-5060	-3035	6189	-6169	2729	-997	-1512	1475	4009	8367	2370	-3816	8240	2550	6266	1211	-7865	3930	9210	260	-9063	8923	4200	7775	8793	-6362	2972	7063	3868	7406	5790
-1241	7703	-3193	3132	8111	-5741	-3408	-2705	861	-9664	9868	7236	5500	-1554	6906	-5571	8145	-6061	-150	8081	6912	-4247	3733	-9164	7981	-5070	-1627	-3890	-3212	-4309	-8055	-9793	-7173	6426	4701	5741	7496	-2089	-6612	5442	3617	-549	9170	-7245	6209	-3204	-3761	3590	6549	5023
8671	-7367	3309	5319	1885	-9938	-767	-7548	6162	-6531	9190	-7664	1750	6696	-5944	-7108	-206	-1437	1901	-839	47	-5564	-7857	-3586	-1261	-3533	-3223	995	3280	604	9981	8882	-3817	-7430	4191	-5138	-9930	-2864	-7341	753	260	6363	9894	-4566	-3788	-5239	3395	1301	-5204	252
-3699	1751	7046	8885	-9164	2576	-927	5499	-5313	4721	-8294	-8506	8796	4236	582	3755	4268	-5490	-6220	-6875	3747	-213	-9765	-8085	2600	-304	-6021	-3305	-3806	-535	5971	-22	-4812	7110	-2287	8020	505	-7034	6303	-2138	8758	-1411	8383	-721	-3813	-4839	2249	-3781	-5141	-6241
7863	5876	-3468	2190	-2511	-2059	-9204	-9306	76	9309	-735	-9331	6010	6391	4201	2199	-8518	-1338	8201	-8330	-2926	885	-4222	-4606	-3281	-830	-571	5844	5593	-1377	-8364	-7932	2860	9664	-5166	-3565	-1686	-2030	-9926	4218	-3052	5577	-9758	5604	2208	-6563	9538	-3139	-1158	6844
5464	386	5035	793	8398	5653	7401	3941	-4329	-7688	1378	5904	4557	7730	8192	-4595	-3712	-1302	-4287	65	9674	2940	1960	-687	4467	1913	-1002	4553	-7282	8686	-9747	3261	-8559	-2268	-7526	-2046	-8214	5391	5975	6143	4193	1068	-8036	-8140	-6155	-7315	-1265	9378	7895	3377
7463	-812	3513	2144	5172	9570	5209	9763	7760	7215	3768	141	3706	4980	2428	529	5017	-368	5904	-2056	-1332	-9356	6041	2053	5974	-1641	-2707	-2151	-2573	-8180	1459	3034	6394	6703	6209	7305	1589	-5850	-6405	-3557	-1778	-2258	-7031	-2352	1607	-8780	4109	-8753	-1929	2164
8792	4277	-9825	-9028	588	-3022	-6413	-5673	-627	-7641	12	-9319	-716	5741	-2549	6039	2727	-2219	-122	-9981	6481	6625	-6650	502	-2543	-5573	-523	-9973	2331	-1556	8037	6028	-5994	-8663	5258	1688	7593	-2117	3155	424	4817	3641	-6897	1777	-8924	-2858	-2359	-9431	5857	6005
7296	-5244	-1573	-9333	766	1882	-8792	-8096	2460	8502	7866	-6324	-9868	3548	-4616	-9228	-2731	6888	8440	-1067	1014	9315	-625	-1098	-3859	-2720	-2868	-9506	-6958	-6782	4721	-3199	-4898	-537	-610	5019	-866	-4410	1633	2435	4821	6725	-9327	-1645	-9411	-4459	9633	9600	2578	-5187
1894	-5857	1378	-1608	1147	6672	-8038	26	-6985	3497	-1899	2831	-4696	1643	4350	-9057	7938	-4073	-9240	-9356	-9164	5209	1333	-34	-922	-9153	6886	4619	-4481	-57	7409	-7888	2815	-2576	7949	-3252	304	-146	-4714	7749	5831	-8360	8475	55	4604	390	1917	9537	2404	8109
8811	-5362	-2961	-5762	-3507	-8633	2257	-1327	-1450	2271	9613	4846	-8608	7161	-6011	-5413	6035	-733	-2351	8959	6174	9976	2672	4758	3739	4096	-4849	1792	-7398	2403	-4904	-965	1309	-9204	-3561	-2101	1555	-2461	-7657	89	4326	5004	-7542	-8906	-9091	-4388	-8881	9761	-1856	-7735
-6663	4305	-466	7809	9038	5846	-6125	-2277	-1357	8340	8648	7551	-9114	-5445	-6142	5648	-3001	-9536	-8998	1688	6721	-3313	8129	-9180	979	7622	6099	9597	-4118	2281	-2551	-5335	-813	4989	4665	-396	-5826	9651	9968	2878	1490	-8001	-5932	-682	7546	-4974	-2356	-8221	478	9650
-6211	-335	-217	4237	-7738	4458	5900	258	6158	342	-6564	9042	-5775	4929	-5266	6070	-5278	8449	9650	-8155	3057	-2994	-1027	-2449	8532	6454	-4081	4060	2612	1530	-9789	-7721	-6428	3054	1414	5138	-8189	9865	-8633	-2647	5863	9229	4845	4178	-8656	-5425	4484	-4952	-2539	2040
6285	-594	-1106	-7883	-7870	-310	-2333	-9049	-7425	2485	-6096	1022	3032	4684	1724	5600	-6927	7969	5679	1263	3710	-2894	-9526	-2345	5085	5324	9377	2859	4029	-7021	-2893	-4732	9139	-8620	-304	-8719	-556	-1272	393	3993	2884	-695	-836	6669	1551	6294	-9832	326	-8961	8885
-1078	-7090	-1219	7820	-5300	3825	7032	-1013	-4238	8954	-9558	7003	9280	7724	-1557	-6630	-835	3842	2894	-7018	3458	88	9457	4880	-8928	-5368	6823	-4955	-4647	1251	1562	-4883	4414	-3450	6601	-4367	-8021	8643	-843	9399	-2188	-1813	-8130	-4554	-6915	-8633	-6089	-8918	-8017	7259
-4677	-8643	4000	-7382	2691	1796	-7662	-9774	-3186	-8079	-1681	-7247	-153	-4318	6068	-3444	4744	1958	-747	9578	-1924	2612	-2711	-1500	-1206	-8150	-8348	-4765	-9335	-3351	-6249	-2142	-5171	146	1755	7698	-7537	3922	8109	-118	-8310	4727	-7971	7233	-9098	8927	5818	-6258	-6273	-2274
9254	6180	315	-7209	-9270	5202	-4557	5137	9612	406	-214	-3575	-7685	4500	-5589	916	-4890	9710	-5305	-7452	5314	8721	9014	-2494	-3119	-4253	1060	6655	1328	9281	-1268	-8234	-5884	9123	-7974	-4363	-3836	876	-2985	-1805	-7894	3046	-3838	5793	9391	-2327	-1476	-7036	-7570	7632
7207	-1512	4306	-8038	-2214	5782	1421	3082	8611	-4958	-8363	8375	-7814	8070	-6366	-792	-2566	-5127	6969	2298	8410	-5032	8567	4879	2427	5328	-1527	-2494	9425	-7996	-7898	-5948	6642	-1611	-7065	7838	-9153	929	-5610	8117	-5157	7901	782	-3710	-6249	-812	-2256	-4989	-1959	8405
2930	5264	-408	3024	1753	3829	2754	4947	-4487	6180	5240	4488	6272	-1326	7851	-2127	-5243	-6473	8967	9873	7236	-4040	1383	-3023	-7014	6919	-7441	5391	7209	-8361	-2832	-6713	-5289	-5098	-210	9109	6803	-5104	7989	504	7310	3519	239	6001	-1116	-727	-5345	-9045	-1100	-7380
-7839	-8679	-3044	-5067	-7406	2414	-8280	9840	1290	3850	5528	-8669	1358	-1801	1076	8616	-1789	-5914	7893	7313	-218	769	6636	-9730	-8958	537	4449	-7181	-9987	1281	-2330	2520	-7241	-1253	-9665	4296	382	2893	-6489	-6682	-5487	-2200	4847	8038	-502	-1714	5871	-2804	5704	883
-1025	-2911	-9145	610	-4700	-1199	-2470	6103	-9267	9098	-1693	7952	-9761	6911	-5868	7401	-1685	-1149	-5012	-1640	1599	-8979	8488	2285	-6671	-5055	513	-2098	-4941	4117	7939	246	5427	-9037	-9433	7206	-2167	1782	8399	-1750	-3101	2180	3664	-5935	9587	7681	2047	-7559	9345	2492
7731	-4218	-6384	9558	-7740	-6048	9308	4386	-6699	-6616	2116	1890	-6788	9149	8237	1831	-7940	5328	2277	-7073	-8986	2148	-8427	8137	-7555	-409	-4971	9468	1530	114	-4965	1483	7332	9595	3521	-3200	-400	-5364	-3305	5437	-6948	9550	-5275	-6841	-4049	4974	-2470	8800	7133	291
9491	-909	2724	6489	8145	-2516	-2395	-4202	-7357	-1327	-2356	-134	-470	8977	8735	1088	87	9337	-570	2894	-7252	-4776	9833	-8586	-8236	217	9596	6312	5808	4786	8601	1438	1920	-5450	-442	-107	-8451	6302	-2577	-4270	-7025	-5479	3345	4066	332	1017	9559	583	8349	7763
-9309	-3227	-6385	1297	4716	4714	-2288	-3169	-2262	-7932	8475	-5139	721	3835	-6879	8036	-5869	2569	-7043	-2561	4224	5878	5909	9873	-8459	-7642	8330	7434	-6063	4671	-6567	4602	-4631	4993	-6204	3723	-9487	1154	5238	-2710	-2724	6474	-654	-7068	-5124	-4314	3610	-755	6014	-2379
-3346	3198	-3443	8337	3410	6438	647	8449	3052	-636	5136	-3881	9383	-94	-8543	6387	4442	-6953	-8363	-7660	-1173	3287	4464	9686	8922	4213	-5959	-972	2076	-8860	-5857	8090	-6302	1430	5105	6597	-5328	-5849	-8437	2869	5452	-8836	-7229	-65	8328	-8801	-4501	-9024	-9952	3322
-4765	-3663	-3459	-5637	1301	7165	-7614	9230	-5075	-2910	7228	-2063	-9392	-885	-9011	9978	2872	-5859	-1654	-1806	1344	1935	-3692	6744	-7020	-1835	5721	4216	-6655	-9508	-4318	9512	9254	1553	9355	3600	15	2382	-6642	4254	-2695	-572	-4376	2550	-924	9287	1980	-1991	4437	-8352
3352	2891	5781	-7838	5597	-249	-9447	-3448	9590	-8039	-5484	3437	-1957	6884	-6091	-6191	4297	1673	3928	-6251	1599	-849	2247	-5303	-1571	3342	3004	7306	3083	-7887	4600	7984	3515	-5507	2761	8212	-1587	4144	7093	3549	-565	-9055	5692	6886	2996	5287	-2380	-6222	-9776	-4511
3604	236	8677	-1053	798	-6663	3614	3538	-8366	7981	3239	-8008	-337	-6851	7885	7134	-2052	9863	3665	9631	-2800	-8756	-8765	-1537	7522	-1457	-5978	1011	8452	4568	-6544	-719	8484	3604	-1618	4231	4704	-153	6188	-5011	914	-3985	1921	6632	-292	5584	3438	4710	366	7614
-3811	1051	-3873	6054	-8185	-9654	8964	-6942	6734	-1352	-2672	5423	2544	-8206	8433	-7965	-6155	-7509	-1316	-6127	-2358	8164	8125	-4457	-7219	9339	3433	8457	-1908	-3102	6755	-8851	3745	-4127	8736	-2556	4994	4963	9523	1198	2802	-568	3064	8629	7788	-4351	9071	-1289	-7863	-4618
-1757	-7134	-184	6234	-5114	9639	1271	-7153	3266	-7817	9671	-9570	-2547	2574	9611	-567	-54	-2279	4311	-2120	715	5436	-7978	-5280	-9236	-7749	-3988	4197	-3516	7296	-8922	-5577	-1072	-7123	-7324	3937	6253	-9410	1442	-9644	-4685	-4603	-3423	8211	6836	-8494	-2103	-1171	-1942	979
-2589	8363	526	-1574	-6906	6336	-3790	4121	-6109	-8892	-1139	-8896	-1652	-1211	1144	-7746	-7374	-2470	-9725	-7860	2069	6814	-6131	8522	-6156	-3787	-4094	-2818	6853	511	606	2744	2895	-7347	5369	-5068	-5323	-6296	-3745	5922	-4496	8594	-771	9964	221	3804	-4482	155	2686	6621
2484	-7414	3059	-2268	500	8924	7653	201	1822	-9577	-7579	1425	7761	2221	-7226	9020	-958	5204	-7709	2884	4445	-8277	-8796	2723	6180	-3983	9330	-3291	1447	9269	-9703	3467	-5156	4589	6387	9486	-454	-9240	-7777	-1112	1297	9561	-5350	4826	72	8282	6900	3546	-7804	6086
9340	8628	-5068	-861	9414	-9762	7121	2170	3746	9254	-4224	2511	6667	-202	9265	-9922	5436	2093	-7686	-8202	-8963	1172	-8850	4195	-7026	4565	1935	3200	9620	-6791	-3472	6686	2491	5439	2171	4352	3414	7821	991	7936	79	9663	7298	-8700	2663	-4126	3858	-307	-5908	285
6991	-8240	9138	6148	-919	-6396	-3789	-4582	-471	-1917	8354	-2391	-8178	-6169	7332	4320	7990	-7020	-1197	5763	-1235	3301	-5815	2333	-9163	-3330	2264	-183	1273	9843	-3815	-4752	-8554	5379	9625	4477	-7652	-1363	6098	-9607	-1389	5283	8045	5346	-3111	-8566	9512	-8391	6367	4207
4357	-2099	3151	-1705	6043	9725	2867	2630	3093	5289	-6070	4133	-3173	-7760	-2922	-1328	-901	-1201	-4352	6179	-4980	3161	568	7359	1348	1080	-9258	-8026	-1565	-8395	7290	279	-92	-8304	9604	-4487	3987	-5522	-7817	-3248	-5691	-4659	-2857	439	-3250	-1404	-7446	6546	3880	7490
-4458	872	-7483	-2694	2948	4725	-4343	-2075	-8473	1118	-7631	1680	2036	8806	-2750	-1750	-1350	4989	547	7202	-5327	-6994	-2424	124	3624	-3192	3669	-6937	4582	3437	5412	1358	1875	4847	-4316	2182	8879	-1244	2578	-9367	-9080	-4880	1173	2431	4543	4503	6067	-5040	2495	7913
-9641	9660	-4590	7544	-9007	8890	-8751	8770	1882	5918	-8335	9863	-3773	9581	-1005	5611	-8843	49	-9103	8809	1790	2381	-6524	-8641	-3517	9061	528	6315	-3427	-5326	-1390	6051	-6073	5739	-7621	5400	-8645	8187	-7042	8956	-2590	-648	5146	-4667	8499	-8732	9781	-6116	7792	-2466
-6226	-7655	4587	8065	6672	1382	-216	2457	-8309	-2733	-7947	-2721	3487	7456	7285	9466	-1772	-1337	7755	-8852	5826	8387	8909	3661	-1532	-3194	4956	5255	7770	5783	6347	-596	-1604	4321	-107	446	-7496	7126	2793	-8090	6019	-6665	8919	6198	-6849	5375	-5653	-8839	-8933	-5623
2895	-9058	4086	4583	-9846	-6691	8624	-6385	-4235	2275	-8393	3779	-3850	-4222	-3231	-4389	6698	8792	2996	4086	1117	1107	4690	-1093	-5905	-4780	-2019	5483	9795	-5725	8641	-309	8713	-7760	-1147	3933	7893	-1911	-5790	-3885	-6347	-8187	3833	-2096	-7267	4761	-5827	1032	1074	-4341
4746	-5234	7094	6012	-3035	8693	-8693	-700	-822	-49	-6725	3596	7944	1146	-1937	9405	-798	3909	-5773	-2911	746	-9939	1286	3231	6239	6040	-6249	8225	304	-3960	3574	833	5521	9106	-3348	4041	496	-3835	-3389	-6166	8020	-1891	-4316	-6423	-9394	2844	-4772	-1266	-1750	4858
-844	-7244	232	3127	-2233	-1335	9890	1103	-909	4714	-3503	3464	-3395	3051	4907	407	1960	-5404	-5873	2492	-9115	1856	7828	-2617	7105	-8109	1622	4043	8997	3672	-2286	6444	-4264	438	-7759	-4256	-6183	-2406	7301	-3006	-6229	-5271	4600	7391	6951	-8223	5425	-9179	8528	4540
910	5988	-7318	8983	-4632	7084	9891	9809	-1472	-789	1473	5484	-4909	6118	-7002	7311	3175	4593	112	6769	6801	2351	-2336	-6747	-5604	3020	-5378	-2363	2392	3697	2210	-4542	8882	-1316	8276	368	-74	4102	-1778	806	-1507	8233	-1901	-8480	866	-9095	3827	-4033	1286	9751
-8165	9912	-8677	4829	6465	3542	-8563	5570	-4858	-6273	4590	4940	-9527	1026	-6991	4972	3908	-5740	-6004	-8482	8083	8950	2686	4680	-7576	-2739	8941	-3450	-5656	6454	8350	3697	-6718	5361	-5382	1383	2374	-1463	9744	5276	1609	3328	7180	-3050	-2485	-3040	4136	1606	7683	3283
4750	-4883	-3409	-8551	7959	-3490	-7168	-4189	-1142	9338	9096	1743	8164	7971	-5658	4735	6328	9902	-6616	-5715	2527	-923	-5266	4003	-6689	-9006	9592	-4204	2994	-9756	-4365	7290	2302	-5727	5209	5794	5986	-8292	5499	-7325	-5721	-922	3577	4201	3742	-109	-7108	-4581	4566	-1759
-4703	8200	-6073	2515	4685	-9248	8508	-2344	4129	6679	4766	-5867	-5372	-1983	-1681	-3766	-6856	8339	-4222	2563	2278	-8869	-8856	-3273	6694	-9698	-9598	718	5447	1028	-2399	-5402	-9045	333	7906	3930	8490	-8075	-9756	4219	907	-562	-6020	377	-3170	-9743	-4111	-7662	768	4343
2190	376	3875	1117	-9881	-8265	8830	-6556	-9139	1457	-2043	-156	3627	1865	-812	8261	-5331	5670	1589	-1920	-5198	-7305	-8707	8008	698	4374	3109	3738	-8685	-7622	-5138	-5239	1849	8606	-4636	-5667	4736	5834	-8305	-3088	-5562	9983	-6902	4406	-4436	7014	8331	-2820	9924	-4151
-5759	-6673	4189	-80	-5353	-4207	-449	3574	-1985	3650	6298	6554	9250	-77	1147	-5802	5024	7276	-2645	5788	-5086	-9535	2129	-1014	6202	2534	8477	114	-9490	-8761	6670	2909	3962	2056	260	-3584	-4380	-4751	7865	-5954	-5018	-726	-9743	7655	-5051	-6147	155	6589	-7462	-6972
9893	4401	-4204	5483	1584	868	-5002	7656	1237	-638	-2935	8651	-3002	-301	6126	5861	9647	-4086	5151	6587	-9601	-5688	9585	-1643	-455	215	1328	9704	-5796	990	-2046	-8107	2972	-4111	3946	5526	9176	-9098	1909	-917	-9215	-7361	-2283	7422	1141	9869	-4562	-187	-4202	-1405
-1875	-9297	6646	4697	-9960	3515	2060	7033	-2367	2426	8998	-4493	-5150	-5535	7315	6385	-2701	4379	-1094	-4280	-71	-3657	1048	-5324	3831	8563	-7393	7306	-8415	-612	2864	-3739	8043	-1608	9143	-5854	-1514	-5164	2559	2041	6140	28	-2095	5378	-8847	-852	8979	-7701	-2895	2522
-3439	4987	3488	5180	185	4490	-138	-2235	-1499	-4267	9664	9073	3460	-6949	-7008	-5293	5069	9971	8314	1150	5371	7154	8612	-1171	8887	3440	-6433	-1670	-7687	-9588	-2551	2150	-866	-3662	7524	-5773	-2518	-5400	9530	5680	-2933	2385	-369	-8692	-1179	-2732	7995	7329	1463	7314
-8094	8960	57	-983	-3634	8819	-8225	-3243	1231	-3089	3898	5494	5297	-5689	-8783	-8407	-3352	-4891	-9483	8377	-1220	-5679	-6291	1945	7487	-762	4176	-1770	7527	9464	-8725	2349	382	8412	-8948	8677	9492	-4996	2112	9699	-5380	-6988	-1166	9064	1131	9553	4127	-2460	3810	-2290
5329	9016	-1521	8490	-5847	-2889	7968	-3042	-8833	-1128	9545	6106	6203	6286	-8673	-3762	-7913	3729	-3477	2723	1338	1274	-3690	-5326	-3678	9393	-9668	4940	-3387	-6376	9965	317	-8804	6501	-157	-7216	6615	3219	8842	9247	3187	-9466	-5809	-6423	-5465	-3492	-6781	3037	-4409	-2583
690	4794	-4576	-2220	-3218	3777	-7509	7936	-5162	8092	9349	5706	-5499	254	5663	-7895	-7198	6173	3544	-5186	3011	-6545	7118	-447	-2967	2233	9505	-1403	3086	-8415	1926	3141	-7779	6624	-820	4893	5901	-6579	-463	-4376	-6691	707	6520	6989	-5682	8512	5786	5073	9801	-6214
-5931	1376	-1356	-2239	5337	-3910	3988	-5791	7686	7606	515	6089	5031	-2241	-5909	5349	7934	8052	-6180	-5558	-6979	-641	-8464	5257	2224	-8236	-1429	4065	-3298	5990	-1285	4714	5880	-2833	7565	7480	7616	-6946	9949	-6707	9271	5765	3753	-5109	-1206	-6858	7157	3730	-6736	1089
-5643	-4558	-976	-5456	-487	-3036	-8619	-2609	-2669	3736	7310	8647	1542	-3311	-4617	-8264	2358	-8767	-7508	6694	5744	-3862	-4292	-8692	-2771	7241	-9742	1438	-9779	-633	444	3460	-8068	4261	1342	-274	3327	4455	-8083	-9268	5159	2828	-3889	-9071	7368	-4987	7331	-9113	-8626	-6273
-4890	-6944	-3837	5275	9507	1067	5241	-8051	-838	9749	2918	-6672	-808	9059	5328	-1096	2701	2382	6221	2375	5699	-2996	-9597	1287	-264	-4425	4985	-4720	8864	-3760	3314	4091	-4242	5693	9630	-4618	8801	-4328	-2063	-7696	-7972	8905	-6038	-4997	-9316	-6612	-7641	2635	-6504	945
5414	-8749	-1433	9498	7870	5731	7167	3002	-8262	-909	-1580	-703	5542	-3627	-5453	9914	-2179	-4587	5827	-415	-5323	5344	-7409	-3463	-9616	4135	1585	134	510	-4537	-3377	-7829	-6242	-3934	-2065	1647	464	8568	-4650	-4589	6815	3413	1507	8625	5486	7210	-5278	-9943	3287	9336
2489	-5658	-4965	2201	-7788	-5895	9604	-5948	1804	-1912	4983	5360	3794	1507	-3949	8962	9850	8282	7291	-8117	-515	7545	275	-415	228	-2293	-6817	7147	4052	-1238	-6358	3770	6089	7316	8184	-6093	-8059	-1558	-8170	-9952	9285	-3296	33	2728	-5630	9904	-7355	1555	-3130	-4361
2762	-5559	-614	-3472	-8979	-6763	-2069	-542	-8516	-1832	7968	-3519	-4704	7743	1265	6280	1657	-1767	-232	-6104	2204	6366	-6570	-9641	6094	213	-2758	-3308	9690	-7267	8091	-3937	3238	5543	9474	-5083	1139	8747	-9869	-8771	-1159	4581	-7283	1892	-2130	-8802	3269	-6340	7185	-8952
4855	5154	9986	9006	-8220	-6717	-4793	5930	8002	-3344	2885	-3095	7656	-6385	-2974	6118	2610	-4522	3365	-1480	-2675	-7385	-1937	2634	-505	9327	-6758	9759	4759	-6957	8082	1964	-4673	-446	2692	-15	5256	2306	5407	-9504	-9014	5788	-9416	-9439	346	674	-1309	-3722	-6876	-5007
-3689	1745	-8826	-603	-2735	-1823	-2757	1203	-6748	-7336	-3892	-733	2438	9528	8245	9993	-7009	-5072	-1816	9569	-7946	3079	91	-9175	-896	7019	2958	-132	8929	2569	-2711	-97	-2382	9512	6847	-685	-3203	-592	-223	9083	-2699	3169	-8427	-117	7008	-3992	-3917	7058	-8265	-3265
5457	-4044	-4886	-9603	-7693	2950	3155	5716	-1687	-1870	7547	-8972	9305	-6881	-3345	5394	9677	-4773	-1154	2839	7420	2610	-6387	3124	7376	2211	-4285	-2077	876	8718	1415	-2514	-9210	6925	1365	291	-3716	1842	2148	-9755	-2233	-1763	4901	3779	9238	-5467	-3795	1236	7151	-35
1086	-3680	-7678	-3681	4632	1805	3296	-4037	9531	2703	-5386	3425	-8867	-8119	7319	-6401	8335	-5292	1985	8297	-5323	-7455	-5459	2205	-8407	1330	7161	-9075	1460	5655	-4488	-8972	-3193	-1684	4719	7685	128	-6225	9130	-8960	-4351	1578	-8886	5352	-1032	-8178	-4220	7720	-8593	-2479
4735	5342	7397	5073	-9731	-5207	-499	-1830	-2657	-516	4679	-4806	1853	-7443	3658	5014	-8891	-4991	2972	6145	-9736	-4750	9336	4554	6765	1161	3750	2496	-3368	4378	-4421	7356	-9259	5659	-9998	2797	9185	-4111	-756	-2923	-621	4013	-748	-3077	-5986	1441	-9548	1667	-3165	-442
-3923	-5361	7303	9527	-3916	7479	-6791	382	-3378	9734	-7425	8253	-1022	7342	-240	6110	-3580	-9341	9195	4767	-1507	-2027	-1778	-4820	1984	-7808	4079	-7560	8352	8665	9184	-4140	-8984	1389	-1396	-1403	6343	6440	-2584	-2375	1819	-1385	-6814	-3801	-1394	885	-684	-2472	4666	-1086
-8094	-9657	-6649	-3217	-1468	-4293	7077	381	-7815	-9626	8111	-4636	-3609	3995	6408	-5156	-8733	5891	7738	7148	-8939	-6459	499	2263	-4595	5489	-4191	1870	6801	-9026	4311	-8705	-5944	-4243	-8453	-3538	275	-9426	-6662	-5050	-5605	-8785	-6589	-3361	4534	-1792	-8123	-6421	-3707	-9512
1743	-2177	-4339	-427	-9369	8356	1797	-400	-501	374	-6470	-1227	4160	-8908	440	-926	-8980	-4117	9869	1624	7650	-8109	-3782	757	-4928	7055	3728	-8231	-1720	-121	-4168	-6992	7322	-9115	3598	1472	6362	4267	-2949	-3182	6810	1778	-1068	-8442	-3777	7991	-610	-4674	-1409	9982
-7033	9475	1694	6035	2385	-2023	8376	-7594	-6918	2635	5150	2230	5860	-3310	458	-9259	-4111	8533	8896	-3850	1056	6338	-9101	-6757	-9622	7976	-9298	3527	-186	3316	-6554	-32	3664	3963	-846	-8592	-8859	-840	-6697	-2512	-9492	9723	9935	1653	-339	-934	-5247	-5283	-4378	-1176
9576	9343	-8723	-1744	9259	-5591	7197	4561	6032	8228	4859	-7889	539	8056	-6029	-9001	-7845	1994	-319	-6876	5964	141	-4156	5940	-641	-9992	6875	1766	-2968	8422	3641	-104	3098	249	6353	-1409	3824	-4831	-461	-36	223	-26	-7544	5179	7665	9197	2940	-2920	3357	-4613
-9387	-9528	-7323	-8966	-8023	-6176	-1602	9366	-844	-4229	-5127	-4003	9318	1201	-4954	-9741	-7580	9204	8862	5357	-3104	-2191	2387	-3762	8093	-7787	4639	1100	6665	9753	2744	4406	-3747	-9312	-956	1625	2838	8814	-9324	6150	9998	7144	-932	2718	418	9843	6974	-2938	4277	-3238
-7078	5303	-1489	7041	7057	9923	-9883	793	-3519	-7288	-3186	-5574	3241	-3562	-7702	3472	-4447	1151	-1399	-3666	-5150	-4372	-3137	-4045	858	-6979	-1808	-7419	6275	-4742	4857	773	-9345	-1059	-1950	9550	2795	9552	1006	-6589	3033	6805	2595	867	-3902	-4444	-8990	3277	9136	-3563
-2804	-2398	4677	-1234	-8824	-676	-1994	-6969	4017	-2536	-6310	-4681	5128	7532	5442	-1087	-4894	3003	-3482	-3411	579	1952	-3344	-8586	7080	3907	5825	-9263	1206	8549	-5145	-564	-1684	-7624	2554	3111	-8124	8662	-5505	-2822	-7767	-9610	3741	-4264	-6215	-7081	-846	4939	3188	-3193
-947	585	-4958	-8937	9561	-3630	2976	1758	-2321	-5102	7694	2849	91	-3943	9104	2549	-6463	-6069	-9710	-8202	77	-7176	-9323	7705	4796	-2783	-1488	-3881	-2757	-9408	9334	5174	-277	7310	2591	-6809	-5178	-6354	1181	5023	-1304	7548	-2781	-3584	5027	8736	-2539	3537	-1325	3930
-6032	-2078	4834	-1425	-6560	-6818	-289	3284	6402	-9905	2176	7318	-3036	4346	-3388	-1689	2470	-7866	-3893	-786	-545	-6315	2060	5787	3086	9886	3101	2965	2997	-4741	4208	-5233	-6166	1998	-8816	-8685	-9160	-5422	2458	-9698	-4856	6067	-4953	-7454	4849	-9841	2334	1931	9372	6202
5308	5647	161	735	-7296	-6000	-7950	9800	1838	7958	-1967	-5718	8800	175	-8830	-9345	-8870	8327	-8694	-1709	5579	-7549	8984	-4769	9798	5197	-8422	5314	2586	-3828	9488	178	5821	3636	-6575	3177	-8710	4610	-783	7827	1568	8362	-8815	-5428	7506	7686	-4589	-3168	5908	-2098
-8616	-2628	7695	-2170	-1050	1102	-7027	6755	-5149	1434	7299	-3645	-1953	-8511	1410	-6870	8717	-7313	-7729	-1304	7851	-5382	-4902	-4992	-8148	-935	4610	-2365	914	-7912	8788	6462	-2344	716	-5254	7795	-1211	-931	-7598	5752	-2522	-8395	7944	3840	-8657	-11	152	-7198	2730	-9845
