5
35 60 -67 57 -32 
35 39 42 -76 -68 
73 100 -83 -21 24 
-31 -51 -26 6 42 
-3 43 47 0 76 
68 97 35 31 -32 -1 
-99 57 40 -65 59 99 
-74 16 55 -26 -77 74 
-38 84 10 -88 -11 96 
73 82 80 -66 88 43 
93 -88 34 81 0 38 

-96 -89 57 33 72 
-57 -22 -56 65 -30 
-78 59 51 -32 -26 
69 -16 16 -34 56 
8 40 59 -14 20 
67 70 98 -58 46 -35 
-54 -85 -83 -30 -88 -83 
30 -88 -33 34 -55 -70 
2 60 -80 -16 19 -32 
-77 28 -83 15 44 -71 
-36 -48 -30 -87 -96 -27 

-20 -99 -81 -95 77 
44 34 99 -38 52 
55 4 100 -79 -37 
10 -44 27 -1 -17 
-49 30 -81 -83 -53 
31 -29 88 -95 60 47 
16 -93 94 -46 -57 -90 
-4 84 -23 50 20 -94 
-29 74 14 15 23 67 
55 97 44 14 22 -79 
51 82 -98 59 -55 -28 

46 94 3 -96 -62 
-4 -94 68 -81 -1 
61 43 -79 33 31 
23 48 -56 34 -84 
49 -79 -50 64 -97 
-99 -14 72 4 -39 -92 
38 39 -95 -96 27 4 
-34 35 -83 9 55 47 
-45 -65 -100 -7 89 -10 
-73 -66 58 -75 -72 23 
25 43 39 -99 -64 -90 

-66 -36 58 -9 -78 
-96 -84 29 -96 -81 
-19 10 16 8 95 
-26 95 28 -98 9 
-3 -19 -24 -73 -50 
13 10 -17 -21 84 65 
-35 -2 -93 -26 -9 89 
65 -87 96 -23 -40 -14 
-93 53 -52 9 21 29 
-49 48 -89 99 28 13 
53 88 31 -60 10 -5 

35 60 -67 57 -32 
35 39 42 -76 -68 
73 100 -83 -21 24 
-31 -51 -26 6 42 
-3 43 47 0 76 
68 97 35 31 -32 -1 
-99 57 40 -65 59 99 
-74 16 55 -26 -77 74 
-38 84 10 -88 -11 96 
73 82 80 -66 88 43 
93 -88 34 81 0 38 

-96 -89 57 33 72 
-57 -22 -56 65 -30 
-78 59 51 -32 -26 
69 -16 16 -34 56 
8 40 59 -14 20 
67 70 98 -58 46 -35 
-54 -85 -83 -30 -88 -83 
30 -88 -33 34 -55 -70 
2 60 -80 -16 19 -32 
-77 28 -83 15 44 -71 
-36 -48 -30 -87 -96 -27 

-20 -99 -81 -95 77 
44 34 99 -38 52 
55 4 100 -79 -37 
10 -44 27 -1 -17 
-49 30 -81 -83 -53 
31 -29 88 -95 60 47 
16 -93 94 -46 -57 -90 
-4 84 -23 50 20 -94 
-29 74 14 15 23 67 
55 97 44 14 22 -79 
51 82 -98 59 -55 -28 

46 94 3 -96 -62 
-4 -94 68 -81 -1 
61 43 -79 33 31 
23 48 -56 34 -84 
49 -79 -50 64 -97 
-99 -14 72 4 -39 -92 
38 39 -95 -96 27 4 
-34 35 -83 9 55 47 
-45 -65 -100 -7 89 -10 
-73 -66 58 -75 -72 23 
25 43 39 -99 -64 -90 

-66 -36 58 -9 -78 
-96 -84 29 -96 -81 
-19 10 16 8 95 
-26 95 28 -98 9 
-3 -19 -24 -73 -50 
13 10 -17 -21 84 65 
-35 -2 -93 -26 -9 89 
65 -87 96 -23 -40 -14 
-93 53 -52 9 21 29 
-49 48 -89 99 28 13 
53 88 31 -60 10 -5 

35 60 -67 57 -32 
35 39 42 -76 -68 
73 100 -83 -21 24 
-31 -51 -26 6 42 
-3 43 47 0 76 
68 97 35 31 -32 -1 
-99 57 40 -65 59 99 
-74 16 55 -26 -77 74 
-38 84 10 -88 -11 96 
73 82 80 -66 88 43 
93 -88 34 81 0 38 

-96 -89 57 33 72 
-57 -22 -56 65 -30 
-78 59 51 -32 -26 
69 -16 16 -34 56 
8 40 59 -14 20 
67 70 98 -58 46 -35 
-54 -85 -83 -30 -88 -83 
30 -88 -33 34 -55 -70 
2 60 -80 -16 19 -32 
-77 28 -83 15 44 -71 
-36 -48 -30 -87 -96 -27 

-20 -99 -81 -95 77 
44 34 99 -38 52 
55 4 100 -79 -37 
10 -44 27 -1 -17 
-49 30 -81 -83 -53 
31 -29 88 -95 60 47 
16 -93 94 -46 -57 -90 
-4 84 -23 50 20 -94 
-29 74 14 15 23 67 
55 97 44 14 22 -79 
51 82 -98 59 -55 -28 

46 94 3 -96 -62 
-4 -94 68 -81 -1 
61 43 -79 33 31 
23 48 -56 34 -84 
49 -79 -50 64 -97 
-99 -14 72 4 -39 -92 
38 39 -95 -96 27 4 
-34 35 -83 9 55 47 
-45 -65 -100 -7 89 -10 
-73 -66 58 -75 -72 23 
25 43 39 -99 -64 -90 

-66 -36 58 -9 -78 
-96 -84 29 -96 -81 
-19 10 16 8 95 
-26 95 28 -98 9 
-3 -19 -24 -73 -50 
13 10 -17 -21 84 65 
-35 -2 -93 -26 -9 89 
65 -87 96 -23 -40 -14 
-93 53 -52 9 21 29 
-49 48 -89 99 28 13 
53 88 31 -60 10 -5 

35 60 -67 57 -32 
35 39 42 -76 -68 
73 100 -83 -21 24 
-31 -51 -26 6 42 
-3 43 47 0 76 
68 97 35 31 -32 -1 
-99 57 40 -65 59 99 
-74 16 55 -26 -77 74 
-38 84 10 -88 -11 96 
73 82 80 -66 88 43 
93 -88 34 81 0 38 

-96 -89 57 33 72 
-57 -22 -56 65 -30 
-78 59 51 -32 -26 
69 -16 16 -34 56 
8 40 59 -14 20 
67 70 98 -58 46 -35 
-54 -85 -83 -30 -88 -83 
30 -88 -33 34 -55 -70 
2 60 -80 -16 19 -32 
-77 28 -83 15 44 -71 
-36 -48 -30 -87 -96 -27 

-20 -99 -81 -95 77 
44 34 99 -38 52 
55 4 100 -79 -37 
10 -44 27 -1 -17 
-49 30 -81 -83 -53 
31 -29 88 -95 60 47 
16 -93 94 -46 -57 -90 
-4 84 -23 50 20 -94 
-29 74 14 15 23 67 
55 97 44 14 22 -79 
51 82 -98 59 -55 -28 

46 94 3 -96 -62 
-4 -94 68 -81 -1 
61 43 -79 33 31 
23 48 -56 34 -84 
49 -79 -50 64 -97 
-99 -14 72 4 -39 -92 
38 39 -95 -96 27 4 
-34 35 -83 9 55 47 
-45 -65 -100 -7 89 -10 
-73 -66 58 -75 -72 23 
25 43 39 -99 -64 -90 

-66 -36 58 -9 -78 
-96 -84 29 -96 -81 
-19 10 16 8 95 
-26 95 28 -98 9 
-3 -19 -24 -73 -50 
13 10 -17 -21 84 65 
-35 -2 -93 -26 -9 89 
65 -87 96 -23 -40 -14 
-93 53 -52 9 21 29 
-49 48 -89 99 28 13 
53 88 31 -60 10 -5 

35 60 -67 57 -32 
35 39 42 -76 -68 
73 100 -83 -21 24 
-31 -51 -26 6 42 
-3 43 47 0 76 
68 97 35 31 -32 -1 
-99 57 40 -65 59 99 
-74 16 55 -26 -77 74 
-38 84 10 -88 -11 96 
73 82 80 -66 88 43 
93 -88 34 81 0 38 

-96 -89 57 33 72 
-57 -22 -56 65 -30 
-78 59 51 -32 -26 
69 -16 16 -34 56 
8 40 59 -14 20 
67 70 98 -58 46 -35 
-54 -85 -83 -30 -88 -83 
30 -88 -33 34 -55 -70 
2 60 -80 -16 19 -32 
-77 28 -83 15 44 -71 
-36 -48 -30 -87 -96 -27 

-20 -99 -81 -95 77 
44 34 99 -38 52 
55 4 100 -79 -37 
10 -44 27 -1 -17 
-49 30 -81 -83 -53 
31 -29 88 -95 60 47 
16 -93 94 -46 -57 -90 
-4 84 -23 50 20 -94 
-29 74 14 15 23 67 
55 97 44 14 22 -79 
51 82 -98 59 -55 -28 

46 94 3 -96 -62 
-4 -94 68 -81 -1 
61 43 -79 33 31 
23 48 -56 34 -84 
49 -79 -50 64 -97 
-99 -14 72 4 -39 -92 
38 39 -95 -96 27 4 
-34 35 -83 9 55 47 
-45 -65 -100 -7 89 -10 
-73 -66 58 -75 -72 23 
25 43 39 -99 -64 -90 

-66 -36 58 -9 -78 
-96 -84 29 -96 -81 
-19 10 16 8 95 
-26 95 28 -98 9 
-3 -19 -24 -73 -50 
13 10 -17 -21 84 65 
-35 -2 -93 -26 -9 89 
65 -87 96 -23 -40 -14 
-93 53 -52 9 21 29 
-49 48 -89 99 28 13 
53 88 31 -60 10 -5 

35 60 -67 57 -32 
35 39 42 -76 -68 
73 100 -83 -21 24 
-31 -51 -26 6 42 
-3 43 47 0 76 
68 97 35 31 -32 -1 
-99 57 40 -65 59 99 
-74 16 55 -26 -77 74 
-38 84 10 -88 -11 96 
73 82 80 -66 88 43 
93 -88 34 81 0 38 

-96 -89 57 33 72 
-57 -22 -56 65 -30 
-78 59 51 -32 -26 
69 -16 16 -34 56 
8 40 59 -14 20 
67 70 98 -58 46 -35 
-54 -85 -83 -30 -88 -83 
30 -88 -33 34 -55 -70 
2 60 -80 -16 19 -32 
-77 28 -83 15 44 -71 
-36 -48 -30 -87 -96 -27 

-20 -99 -81 -95 77 
44 34 99 -38 52 
55 4 100 -79 -37 
10 -44 27 -1 -17 
-49 30 -81 -83 -53 
31 -29 88 -95 60 47 
16 -93 94 -46 -57 -90 
-4 84 -23 50 20 -94 
-29 74 14 15 23 67 
55 97 44 14 22 -79 
51 82 -98 59 -55 -28 

46 94 3 -96 -62 
-4 -94 68 -81 -1 
61 43 -79 33 31 
23 48 -56 34 -84 
49 -79 -50 64 -97 
-99 -14 72 4 -39 -92 
38 39 -95 -96 27 4 
-34 35 -83 9 55 47 
-45 -65 -100 -7 89 -10 
-73 -66 58 -75 -72 23 
25 43 39 -99 -64 -90 

-66 -36 58 -9 -78 
-96 -84 29 -96 -81 
-19 10 16 8 95 
-26 95 28 -98 9 
-3 -19 -24 -73 -50 
13 10 -17 -21 84 65 
-35 -2 -93 -26 -9 89 
65 -87 96 -23 -40 -14 
-93 53 -52 9 21 29 
-49 48 -89 99 28 13 
53 88 31 -60 10 -5 

35 60 -67 57 -32 
35 39 42 -76 -68 
73 100 -83 -21 24 
-31 -51 -26 6 42 
-3 43 47 0 76 
68 97 35 31 -32 -1 
-99 57 40 -65 59 99 
-74 16 55 -26 -77 74 
-38 84 10 -88 -11 96 
73 82 80 -66 88 43 
93 -88 34 81 0 38 

-96 -89 57 33 72 
-57 -22 -56 65 -30 
-78 59 51 -32 -26 
69 -16 16 -34 56 
8 40 59 -14 20 
67 70 98 -58 46 -35 
-54 -85 -83 -30 -88 -83 
30 -88 -33 34 -55 -70 
2 60 -80 -16 19 -32 
-77 28 -83 15 44 -71 
-36 -48 -30 -87 -96 -27 

-20 -99 -81 -95 77 
44 34 99 -38 52 
55 4 100 -79 -37 
10 -44 27 -1 -17 
-49 30 -81 -83 -53 
31 -29 88 -95 60 47 
16 -93 94 -46 -57 -90 
-4 84 -23 50 20 -94 
-29 74 14 15 23 67 
55 97 44 14 22 -79 
51 82 -98 59 -55 -28 

46 94 3 -96 -62 
-4 -94 68 -81 -1 
61 43 -79 33 31 
23 48 -56 34 -84 
49 -79 -50 64 -97 
-99 -14 72 4 -39 -92 
38 39 -95 -96 27 4 
-34 35 -83 9 55 47 
-45 -65 -100 -7 89 -10 
-73 -66 58 -75 -72 23 
25 43 39 -99 -64 -90 

-66 -36 58 -9 -78 
-96 -84 29 -96 -81 
-19 10 16 8 95 
-26 95 28 -98 9 
-3 -19 -24 -73 -50 
13 10 -17 -21 84 65 
-35 -2 -93 -26 -9 89 
65 -87 96 -23 -40 -14 
-93 53 -52 9 21 29 
-49 48 -89 99 28 13 
53 88 31 -60 10 -5 

35 60 -67 57 -32 
35 39 42 -76 -68 
73 100 -83 -21 24 
-31 -51 -26 6 42 
-3 43 47 0 76 
68 97 35 31 -32 -1 
-99 57 40 -65 59 99 
-74 16 55 -26 -77 74 
-38 84 10 -88 -11 96 
73 82 80 -66 88 43 
93 -88 34 81 0 38 

-96 -89 57 33 72 
-57 -22 -56 65 -30 
-78 59 51 -32 -26 
69 -16 16 -34 56 
8 40 59 -14 20 
67 70 98 -58 46 -35 
-54 -85 -83 -30 -88 -83 
30 -88 -33 34 -55 -70 
2 60 -80 -16 19 -32 
-77 28 -83 15 44 -71 
-36 -48 -30 -87 -96 -27 

-20 -99 -81 -95 77 
44 34 99 -38 52 
55 4 100 -79 -37 
10 -44 27 -1 -17 
-49 30 -81 -83 -53 
31 -29 88 -95 60 47 
16 -93 94 -46 -57 -90 
-4 84 -23 50 20 -94 
-29 74 14 15 23 67 
55 97 44 14 22 -79 
51 82 -98 59 -55 -28 

46 94 3 -96 -62 
-4 -94 68 -81 -1 
61 43 -79 33 31 
23 48 -56 34 -84 
49 -79 -50 64 -97 
-99 -14 72 4 -39 -92 
38 39 -95 -96 27 4 
-34 35 -83 9 55 47 
-45 -65 -100 -7 89 -10 
-73 -66 58 -75 -72 23 
25 43 39 -99 -64 -90 

-66 -36 58 -9 -78 
-96 -84 29 -96 -81 
-19 10 16 8 95 
-26 95 28 -98 9 
-3 -19 -24 -73 -50 
13 10 -17 -21 84 65 
-35 -2 -93 -26 -9 89 
65 -87 96 -23 -40 -14 
-93 53 -52 9 21 29 
-49 48 -89 99 28 13 
53 88 31 -60 10 -5 

35 60 -67 57 -32 
35 39 42 -76 -68 
73 100 -83 -21 24 
-31 -51 -26 6 42 
-3 43 47 0 76 
68 97 35 31 -32 -1 
-99 57 40 -65 59 99 
-74 16 55 -26 -77 74 
-38 84 10 -88 -11 96 
73 82 80 -66 88 43 
93 -88 34 81 0 38 

-96 -89 57 33 72 
-57 -22 -56 65 -30 
-78 59 51 -32 -26 
69 -16 16 -34 56 
8 40 59 -14 20 
67 70 98 -58 46 -35 
-54 -85 -83 -30 -88 -83 
30 -88 -33 34 -55 -70 
2 60 -80 -16 19 -32 
-77 28 -83 15 44 -71 
-36 -48 -30 -87 -96 -27 

-20 -99 -81 -95 77 
44 34 99 -38 52 
55 4 100 -79 -37 
10 -44 27 -1 -17 
-49 30 -81 -83 -53 
31 -29 88 -95 60 47 
16 -93 94 -46 -57 -90 
-4 84 -23 50 20 -94 
-29 74 14 15 23 67 
55 97 44 14 22 -79 
51 82 -98 59 -55 -28 

46 94 3 -96 -62 
-4 -94 68 -81 -1 
61 43 -79 33 31 
23 48 -56 34 -84 
49 -79 -50 64 -97 
-99 -14 72 4 -39 -92 
38 39 -95 -96 27 4 
-34 35 -83 9 55 47 
-45 -65 -100 -7 89 -10 
-73 -66 58 -75 -72 23 
25 43 39 -99 -64 -90 

-66 -36 58 -9 -78 
-96 -84 29 -96 -81 
-19 10 16 8 95 
-26 95 28 -98 9 
-3 -19 -24 -73 -50 
13 10 -17 -21 84 65 
-35 -2 -93 -26 -9 89 
65 -87 96 -23 -40 -14 
-93 53 -52 9 21 29 
-49 48 -89 99 28 13 
53 88 31 -60 10 -5 

35 60 -67 57 -32 
35 39 42 -76 -68 
73 100 -83 -21 24 
-31 -51 -26 6 42 
-3 43 47 0 76 
68 97 35 31 -32 -1 
-99 57 40 -65 59 99 
-74 16 55 -26 -77 74 
-38 84 10 -88 -11 96 
73 82 80 -66 88 43 
93 -88 34 81 0 38 

-96 -89 57 33 72 
-57 -22 -56 65 -30 
-78 59 51 -32 -26 
69 -16 16 -34 56 
8 40 59 -14 20 
67 70 98 -58 46 -35 
-54 -85 -83 -30 -88 -83 
30 -88 -33 34 -55 -70 
2 60 -80 -16 19 -32 
-77 28 -83 15 44 -71 
-36 -48 -30 -87 -96 -27 

-20 -99 -81 -95 77 
44 34 99 -38 52 
55 4 100 -79 -37 
10 -44 27 -1 -17 
-49 30 -81 -83 -53 
31 -29 88 -95 60 47 
16 -93 94 -46 -57 -90 
-4 84 -23 50 20 -94 
-29 74 14 15 23 67 
55 97 44 14 22 -79 
51 82 -98 59 -55 -28 

46 94 3 -96 -62 
-4 -94 68 -81 -1 
61 43 -79 33 31 
23 48 -56 34 -84 
49 -79 -50 64 -97 
-99 -14 72 4 -39 -92 
38 39 -95 -96 27 4 
-34 35 -83 9 55 47 
-45 -65 -100 -7 89 -10 
-73 -66 58 -75 -72 23 
25 43 39 -99 -64 -90 

-66 -36 58 -9 -78 
-96 -84 29 -96 -81 
-19 10 16 8 95 
-26 95 28 -98 9 
-3 -19 -24 -73 -50 
13 10 -17 -21 84 65 
-35 -2 -93 -26 -9 89 
65 -87 96 -23 -40 -14 
-93 53 -52 9 21 29 
-49 48 -89 99 28 13 
53 88 31 -60 10 -5 

35 60 -67 57 -32 
35 39 42 -76 -68 
73 100 -83 -21 24 
-31 -51 -26 6 42 
-3 43 47 0 76 
68 97 35 31 -32 -1 
-99 57 40 -65 59 99 
-74 16 55 -26 -77 74 
-38 84 10 -88 -11 96 
73 82 80 -66 88 43 
93 -88 34 81 0 38 

-96 -89 57 33 72 
-57 -22 -56 65 -30 
-78 59 51 -32 -26 
69 -16 16 -34 56 
8 40 59 -14 20 
67 70 98 -58 46 -35 
-54 -85 -83 -30 -88 -83 
30 -88 -33 34 -55 -70 
2 60 -80 -16 19 -32 
-77 28 -83 15 44 -71 
-36 -48 -30 -87 -96 -27 

-20 -99 -81 -95 77 
44 34 99 -38 52 
55 4 100 -79 -37 
10 -44 27 -1 -17 
-49 30 -81 -83 -53 
31 -29 88 -95 60 47 
16 -93 94 -46 -57 -90 
-4 84 -23 50 20 -94 
-29 74 14 15 23 67 
55 97 44 14 22 -79 
51 82 -98 59 -55 -28 

46 94 3 -96 -62 
-4 -94 68 -81 -1 
61 43 -79 33 31 
23 48 -56 34 -84 
49 -79 -50 64 -97 
-99 -14 72 4 -39 -92 
38 39 -95 -96 27 4 
-34 35 -83 9 55 47 
-45 -65 -100 -7 89 -10 
-73 -66 58 -75 -72 23 
25 43 39 -99 -64 -90 

-66 -36 58 -9 -78 
-96 -84 29 -96 -81 
-19 10 16 8 95 
-26 95 28 -98 9 
-3 -19 -24 -73 -50 
13 10 -17 -21 84 65 
-35 -2 -93 -26 -9 89 
65 -87 96 -23 -40 -14 
-93 53 -52 9 21 29 
-49 48 -89 99 28 13 
53 88 31 -60 10 -5 

35 60 -67 57 -32 
35 39 42 -76 -68 
73 100 -83 -21 24 
-31 -51 -26 6 42 
-3 43 47 0 76 
68 97 35 31 -32 -1 
-99 57 40 -65 59 99 
-74 16 55 -26 -77 74 
-38 84 10 -88 -11 96 
73 82 80 -66 88 43 
93 -88 34 81 0 38 

-96 -89 57 33 72 
-57 -22 -56 65 -30 
-78 59 51 -32 -26 
69 -16 16 -34 56 
8 40 59 -14 20 
67 70 98 -58 46 -35 
-54 -85 -83 -30 -88 -83 
30 -88 -33 34 -55 -70 
2 60 -80 -16 19 -32 
-77 28 -83 15 44 -71 
-36 -48 -30 -87 -96 -27 

-20 -99 -81 -95 77 
44 34 99 -38 52 
55 4 100 -79 -37 
10 -44 27 -1 -17 
-49 30 -81 -83 -53 
31 -29 88 -95 60 47 
16 -93 94 -46 -57 -90 
-4 84 -23 50 20 -94 
-29 74 14 15 23 67 
55 97 44 14 22 -79 
51 82 -98 59 -55 -28 

46 94 3 -96 -62 
-4 -94 68 -81 -1 
61 43 -79 33 31 
23 48 -56 34 -84 
49 -79 -50 64 -97 
-99 -14 72 4 -39 -92 
38 39 -95 -96 27 4 
-34 35 -83 9 55 47 
-45 -65 -100 -7 89 -10 
-73 -66 58 -75 -72 23 
25 43 39 -99 -64 -90 

-66 -36 58 -9 -78 
-96 -84 29 -96 -81 
-19 10 16 8 95 
-26 95 28 -98 9 
-3 -19 -24 -73 -50 
13 10 -17 -21 84 65 
-35 -2 -93 -26 -9 89 
65 -87 96 -23 -40 -14 
-93 53 -52 9 21 29 
-49 48 -89 99 28 13 
53 88 31 -60 10 -5 

35 60 -67 57 -32 
35 39 42 -76 -68 
73 100 -83 -21 24 
-31 -51 -26 6 42 
-3 43 47 0 76 
68 97 35 31 -32 -1 
-99 57 40 -65 59 99 
-74 16 55 -26 -77 74 
-38 84 10 -88 -11 96 
73 82 80 -66 88 43 
93 -88 34 81 0 38 

-96 -89 57 33 72 
-57 -22 -56 65 -30 
-78 59 51 -32 -26 
69 -16 16 -34 56 
8 40 59 -14 20 
67 70 98 -58 46 -35 
-54 -85 -83 -30 -88 -83 
30 -88 -33 34 -55 -70 
2 60 -80 -16 19 -32 
-77 28 -83 15 44 -71 
-36 -48 -30 -87 -96 -27 

-20 -99 -81 -95 77 
44 34 99 -38 52 
55 4 100 -79 -37 
10 -44 27 -1 -17 
-49 30 -81 -83 -53 
31 -29 88 -95 60 47 
16 -93 94 -46 -57 -90 
-4 84 -23 50 20 -94 
-29 74 14 15 23 67 
55 97 44 14 22 -79 
51 82 -98 59 -55 -28 

46 94 3 -96 -62 
-4 -94 68 -81 -1 
61 43 -79 33 31 
23 48 -56 34 -84 
49 -79 -50 64 -97 
-99 -14 72 4 -39 -92 
38 39 -95 -96 27 4 
-34 35 -83 9 55 47 
-45 -65 -100 -7 89 -10 
-73 -66 58 -75 -72 23 
25 43 39 -99 -64 -90 

-66 -36 58 -9 -78 
-96 -84 29 -96 -81 
-19 10 16 8 95 
-26 95 28 -98 9 
-3 -19 -24 -73 -50 
13 10 -17 -21 84 65 
-35 -2 -93 -26 -9 89 
65 -87 96 -23 -40 -14 
-93 53 -52 9 21 29 
-49 48 -89 99 28 13 
53 88 31 -60 10 -5 

35 60 -67 57 -32 
35 39 42 -76 -68 
73 100 -83 -21 24 
-31 -51 -26 6 42 
-3 43 47 0 76 
68 97 35 31 -32 -1 
-99 57 40 -65 59 99 
-74 16 55 -26 -77 74 
-38 84 10 -88 -11 96 
73 82 80 -66 88 43 
93 -88 34 81 0 38 

-96 -89 57 33 72 
-57 -22 -56 65 -30 
-78 59 51 -32 -26 
69 -16 16 -34 56 
8 40 59 -14 20 
67 70 98 -58 46 -35 
-54 -85 -83 -30 -88 -83 
30 -88 -33 34 -55 -70 
2 60 -80 -16 19 -32 
-77 28 -83 15 44 -71 
-36 -48 -30 -87 -96 -27 

-20 -99 -81 -95 77 
44 34 99 -38 52 
55 4 100 -79 -37 
10 -44 27 -1 -17 
-49 30 -81 -83 -53 
31 -29 88 -95 60 47 
16 -93 94 -46 -57 -90 
-4 84 -23 50 20 -94 
-29 74 14 15 23 67 
55 97 44 14 22 -79 
51 82 -98 59 -55 -28 

46 94 3 -96 -62 
-4 -94 68 -81 -1 
61 43 -79 33 31 
23 48 -56 34 -84 
49 -79 -50 64 -97 
-99 -14 72 4 -39 -92 
38 39 -95 -96 27 4 
-34 35 -83 9 55 47 
-45 -65 -100 -7 89 -10 
-73 -66 58 -75 -72 23 
25 43 39 -99 -64 -90 

-66 -36 58 -9 -78 
-96 -84 29 -96 -81 
-19 10 16 8 95 
-26 95 28 -98 9 
-3 -19 -24 -73 -50 
13 10 -17 -21 84 65 
-35 -2 -93 -26 -9 89 
65 -87 96 -23 -40 -14 
-93 53 -52 9 21 29 
-49 48 -89 99 28 13 
53 88 31 -60 10 -5 

35 60 -67 57 -32 
35 39 42 -76 -68 
73 100 -83 -21 24 
-31 -51 -26 6 42 
-3 43 47 0 76 
68 97 35 31 -32 -1 
-99 57 40 -65 59 99 
-74 16 55 -26 -77 74 
-38 84 10 -88 -11 96 
73 82 80 -66 88 43 
93 -88 34 81 0 38 

-96 -89 57 33 72 
-57 -22 -56 65 -30 
-78 59 51 -32 -26 
69 -16 16 -34 56 
8 40 59 -14 20 
67 70 98 -58 46 -35 
-54 -85 -83 -30 -88 -83 
30 -88 -33 34 -55 -70 
2 60 -80 -16 19 -32 
-77 28 -83 15 44 -71 
-36 -48 -30 -87 -96 -27 

-20 -99 -81 -95 77 
44 34 99 -38 52 
55 4 100 -79 -37 
10 -44 27 -1 -17 
-49 30 -81 -83 -53 
31 -29 88 -95 60 47 
16 -93 94 -46 -57 -90 
-4 84 -23 50 20 -94 
-29 74 14 15 23 67 
55 97 44 14 22 -79 
51 82 -98 59 -55 -28 

46 94 3 -96 -62 
-4 -94 68 -81 -1 
61 43 -79 33 31 
23 48 -56 34 -84 
49 -79 -50 64 -97 
-99 -14 72 4 -39 -92 
38 39 -95 -96 27 4 
-34 35 -83 9 55 47 
-45 -65 -100 -7 89 -10 
-73 -66 58 -75 -72 23 
25 43 39 -99 -64 -90 

-66 -36 58 -9 -78 
-96 -84 29 -96 -81 
-19 10 16 8 95 
-26 95 28 -98 9 
-3 -19 -24 -73 -50 
13 10 -17 -21 84 65 
-35 -2 -93 -26 -9 89 
65 -87 96 -23 -40 -14 
-93 53 -52 9 21 29 
-49 48 -89 99 28 13 
53 88 31 -60 10 -5 

35 60 -67 57 -32 
35 39 42 -76 -68 
73 100 -83 -21 24 
-31 -51 -26 6 42 
-3 43 47 0 76 
68 97 35 31 -32 -1 
-99 57 40 -65 59 99 
-74 16 55 -26 -77 74 
-38 84 10 -88 -11 96 
73 82 80 -66 88 43 
93 -88 34 81 0 38 

-96 -89 57 33 72 
-57 -22 -56 65 -30 
-78 59 51 -32 -26 
69 -16 16 -34 56 
8 40 59 -14 20 
67 70 98 -58 46 -35 
-54 -85 -83 -30 -88 -83 
30 -88 -33 34 -55 -70 
2 60 -80 -16 19 -32 
-77 28 -83 15 44 -71 
-36 -48 -30 -87 -96 -27 

-20 -99 -81 -95 77 
44 34 99 -38 52 
55 4 100 -79 -37 
10 -44 27 -1 -17 
-49 30 -81 -83 -53 
31 -29 88 -95 60 47 
16 -93 94 -46 -57 -90 
-4 84 -23 50 20 -94 
-29 74 14 15 23 67 
55 97 44 14 22 -79 
51 82 -98 59 -55 -28 

46 94 3 -96 -62 
-4 -94 68 -81 -1 
61 43 -79 33 31 
23 48 -56 34 -84 
49 -79 -50 64 -97 
-99 -14 72 4 -39 -92 
38 39 -95 -96 27 4 
-34 35 -83 9 55 47 
-45 -65 -100 -7 89 -10 
-73 -66 58 -75 -72 23 
25 43 39 -99 -64 -90 

-66 -36 58 -9 -78 
-96 -84 29 -96 -81 
-19 10 16 8 95 
-26 95 28 -98 9 
-3 -19 -24 -73 -50 
13 10 -17 -21 84 65 
-35 -2 -93 -26 -9 89 
65 -87 96 -23 -40 -14 
-93 53 -52 9 21 29 
-49 48 -89 99 28 13 
53 88 31 -60 10 -5 

35 60 -67 57 -32 
35 39 42 -76 -68 
73 100 -83 -21 24 
-31 -51 -26 6 42 
-3 43 47 0 76 
68 97 35 31 -32 -1 
-99 57 40 -65 59 99 
-74 16 55 -26 -77 74 
-38 84 10 -88 -11 96 
73 82 80 -66 88 43 
93 -88 34 81 0 38 

-96 -89 57 33 72 
-57 -22 -56 65 -30 
-78 59 51 -32 -26 
69 -16 16 -34 56 
8 40 59 -14 20 
67 70 98 -58 46 -35 
-54 -85 -83 -30 -88 -83 
30 -88 -33 34 -55 -70 
2 60 -80 -16 19 -32 
-77 28 -83 15 44 -71 
-36 -48 -30 -87 -96 -27 

-20 -99 -81 -95 77 
44 34 99 -38 52 
55 4 100 -79 -37 
10 -44 27 -1 -17 
-49 30 -81 -83 -53 
31 -29 88 -95 60 47 
16 -93 94 -46 -57 -90 
-4 84 -23 50 20 -94 
-29 74 14 15 23 67 
55 97 44 14 22 -79 
51 82 -98 59 -55 -28 

46 94 3 -96 -62 
-4 -94 68 -81 -1 
61 43 -79 33 31 
23 48 -56 34 -84 
49 -79 -50 64 -97 
-99 -14 72 4 -39 -92 
38 39 -95 -96 27 4 
-34 35 -83 9 55 47 
-45 -65 -100 -7 89 -10 
-73 -66 58 -75 -72 23 
25 43 39 -99 -64 -90 

-66 -36 58 -9 -78 
-96 -84 29 -96 -81 
-19 10 16 8 95 
-26 95 28 -98 9 
-3 -19 -24 -73 -50 
13 10 -17 -21 84 65 
-35 -2 -93 -26 -9 89 
65 -87 96 -23 -40 -14 
-93 53 -52 9 21 29 
-49 48 -89 99 28 13 
53 88 31 -60 10 -5 

35 60 -67 57 -32 
35 39 42 -76 -68 
73 100 -83 -21 24 
-31 -51 -26 6 42 
-3 43 47 0 76 
68 97 35 31 -32 -1 
-99 57 40 -65 59 99 
-74 16 55 -26 -77 74 
-38 84 10 -88 -11 96 
73 82 80 -66 88 43 
93 -88 34 81 0 38 

-96 -89 57 33 72 
-57 -22 -56 65 -30 
-78 59 51 -32 -26 
69 -16 16 -34 56 
8 40 59 -14 20 
67 70 98 -58 46 -35 
-54 -85 -83 -30 -88 -83 
30 -88 -33 34 -55 -70 
2 60 -80 -16 19 -32 
-77 28 -83 15 44 -71 
-36 -48 -30 -87 -96 -27 

-20 -99 -81 -95 77 
44 34 99 -38 52 
55 4 100 -79 -37 
10 -44 27 -1 -17 
-49 30 -81 -83 -53 
31 -29 88 -95 60 47 
16 -93 94 -46 -57 -90 
-4 84 -23 50 20 -94 
-29 74 14 15 23 67 
55 97 44 14 22 -79 
51 82 -98 59 -55 -28 

46 94 3 -96 -62 
-4 -94 68 -81 -1 
61 43 -79 33 31 
23 48 -56 34 -84 
49 -79 -50 64 -97 
-99 -14 72 4 -39 -92 
38 39 -95 -96 27 4 
-34 35 -83 9 55 47 
-45 -65 -100 -7 89 -10 
-73 -66 58 -75 -72 23 
25 43 39 -99 -64 -90 

-66 -36 58 -9 -78 
-96 -84 29 -96 -81 
-19 10 16 8 95 
-26 95 28 -98 9 
-3 -19 -24 -73 -50 
13 10 -17 -21 84 65 
-35 -2 -93 -26 -9 89 
65 -87 96 -23 -40 -14 
-93 53 -52 9 21 29 
-49 48 -89 99 28 13 
53 88 31 -60 10 -5 

35 60 -67 57 -32 
35 39 42 -76 -68 
73 100 -83 -21 24 
-31 -51 -26 6 42 
-3 43 47 0 76 
68 97 35 31 -32 -1 
-99 57 40 -65 59 99 
-74 16 55 -26 -77 74 
-38 84 10 -88 -11 96 
73 82 80 -66 88 43 
93 -88 34 81 0 38 

-96 -89 57 33 72 
-57 -22 -56 65 -30 
-78 59 51 -32 -26 
69 -16 16 -34 56 
8 40 59 -14 20 
67 70 98 -58 46 -35 
-54 -85 -83 -30 -88 -83 
30 -88 -33 34 -55 -70 
2 60 -80 -16 19 -32 
-77 28 -83 15 44 -71 
-36 -48 -30 -87 -96 -27 

-20 -99 -81 -95 77 
44 34 99 -38 52 
55 4 100 -79 -37 
10 -44 27 -1 -17 
-49 30 -81 -83 -53 
31 -29 88 -95 60 47 
16 -93 94 -46 -57 -90 
-4 84 -23 50 20 -94 
-29 74 14 15 23 67 
55 97 44 14 22 -79 
51 82 -98 59 -55 -28 

46 94 3 -96 -62 
-4 -94 68 -81 -1 
61 43 -79 33 31 
23 48 -56 34 -84 
49 -79 -50 64 -97 
-99 -14 72 4 -39 -92 
38 39 -95 -96 27 4 
-34 35 -83 9 55 47 
-45 -65 -100 -7 89 -10 
-73 -66 58 -75 -72 23 
25 43 39 -99 -64 -90 

-66 -36 58 -9 -78 
-96 -84 29 -96 -81 
-19 10 16 8 95 
-26 95 28 -98 9 
-3 -19 -24 -73 -50 
13 10 -17 -21 84 65 
-35 -2 -93 -26 -9 89 
65 -87 96 -23 -40 -14 
-93 53 -52 9 21 29 
-49 48 -89 99 28 13 
53 88 31 -60 10 -5 

35 60 -67 57 -32 
35 39 42 -76 -68 
73 100 -83 -21 24 
-31 -51 -26 6 42 
-3 43 47 0 76 
68 97 35 31 -32 -1 
-99 57 40 -65 59 99 
-74 16 55 -26 -77 74 
-38 84 10 -88 -11 96 
73 82 80 -66 88 43 
93 -88 34 81 0 38 

-96 -89 57 33 72 
-57 -22 -56 65 -30 
-78 59 51 -32 -26 
69 -16 16 -34 56 
8 40 59 -14 20 
67 70 98 -58 46 -35 
-54 -85 -83 -30 -88 -83 
30 -88 -33 34 -55 -70 
2 60 -80 -16 19 -32 
-77 28 -83 15 44 -71 
-36 -48 -30 -87 -96 -27 

-20 -99 -81 -95 77 
44 34 99 -38 52 
55 4 100 -79 -37 
10 -44 27 -1 -17 
-49 30 -81 -83 -53 
31 -29 88 -95 60 47 
16 -93 94 -46 -57 -90 
-4 84 -23 50 20 -94 
-29 74 14 15 23 67 
55 97 44 14 22 -79 
51 82 -98 59 -55 -28 

46 94 3 -96 -62 
-4 -94 68 -81 -1 
61 43 -79 33 31 
23 48 -56 34 -84 
49 -79 -50 64 -97 
-99 -14 72 4 -39 -92 
38 39 -95 -96 27 4 
-34 35 -83 9 55 47 
-45 -65 -100 -7 89 -10 
-73 -66 58 -75 -72 23 
25 43 39 -99 -64 -90 

-66 -36 58 -9 -78 
-96 -84 29 -96 -81 
-19 10 16 8 95 
-26 95 28 -98 9 
-3 -19 -24 -73 -50 
13 10 -17 -21 84 65 
-35 -2 -93 -26 -9 89 
65 -87 96 -23 -40 -14 
-93 53 -52 9 21 29 
-49 48 -89 99 28 13 
53 88 31 -60 10 -5 

35 60 -67 57 -32 
35 39 42 -76 -68 
73 100 -83 -21 24 
-31 -51 -26 6 42 
-3 43 47 0 76 
68 97 35 31 -32 -1 
-99 57 40 -65 59 99 
-74 16 55 -26 -77 74 
-38 84 10 -88 -11 96 
73 82 80 -66 88 43 
93 -88 34 81 0 38 

-96 -89 57 33 72 
-57 -22 -56 65 -30 
-78 59 51 -32 -26 
69 -16 16 -34 56 
8 40 59 -14 20 
67 70 98 -58 46 -35 
-54 -85 -83 -30 -88 -83 
30 -88 -33 34 -55 -70 
2 60 -80 -16 19 -32 
-77 28 -83 15 44 -71 
-36 -48 -30 -87 -96 -27 

-20 -99 -81 -95 77 
44 34 99 -38 52 
55 4 100 -79 -37 
10 -44 27 -1 -17 
-49 30 -81 -83 -53 
31 -29 88 -95 60 47 
16 -93 94 -46 -57 -90 
-4 84 -23 50 20 -94 
-29 74 14 15 23 67 
55 97 44 14 22 -79 
51 82 -98 59 -55 -28 

46 94 3 -96 -62 
-4 -94 68 -81 -1 
61 43 -79 33 31 
23 48 -56 34 -84 
49 -79 -50 64 -97 
-99 -14 72 4 -39 -92 
38 39 -95 -96 27 4 
-34 35 -83 9 55 47 
-45 -65 -100 -7 89 -10 
-73 -66 58 -75 -72 23 
25 43 39 -99 -64 -90 

-66 -36 58 -9 -78 
-96 -84 29 -96 -81 
-19 10 16 8 95 
-26 95 28 -98 9 
-3 -19 -24 -73 -50 
13 10 -17 -21 84 65 
-35 -2 -93 -26 -9 89 
65 -87 96 -23 -40 -14 
-93 53 -52 9 21 29 
-49 48 -89 99 28 13 
53 88 31 -60 10 -5 

35 60 -67 57 -32 
35 39 42 -76 -68 
73 100 -83 -21 24 
-31 -51 -26 6 42 
-3 43 47 0 76 
68 97 35 31 -32 -1 
-99 57 40 -65 59 99 
-74 16 55 -26 -77 74 
-38 84 10 -88 -11 96 
73 82 80 -66 88 43 
93 -88 34 81 0 38 

-96 -89 57 33 72 
-57 -22 -56 65 -30 
-78 59 51 -32 -26 
69 -16 16 -34 56 
8 40 59 -14 20 
67 70 98 -58 46 -35 
-54 -85 -83 -30 -88 -83 
30 -88 -33 34 -55 -70 
2 60 -80 -16 19 -32 
-77 28 -83 15 44 -71 
-36 -48 -30 -87 -96 -27 

-20 -99 -81 -95 77 
44 34 99 -38 52 
55 4 100 -79 -37 
10 -44 27 -1 -17 
-49 30 -81 -83 -53 
31 -29 88 -95 60 47 
16 -93 94 -46 -57 -90 
-4 84 -23 50 20 -94 
-29 74 14 15 23 67 
55 97 44 14 22 -79 
51 82 -98 59 -55 -28 

46 94 3 -96 -62 
-4 -94 68 -81 -1 
61 43 -79 33 31 
23 48 -56 34 -84 
49 -79 -50 64 -97 
-99 -14 72 4 -39 -92 
38 39 -95 -96 27 4 
-34 35 -83 9 55 47 
-45 -65 -100 -7 89 -10 
-73 -66 58 -75 -72 23 
25 43 39 -99 -64 -90 

-66 -36 58 -9 -78 
-96 -84 29 -96 -81 
-19 10 16 8 95 
-26 95 28 -98 9 
-3 -19 -24 -73 -50 
13 10 -17 -21 84 65 
-35 -2 -93 -26 -9 89 
65 -87 96 -23 -40 -14 
-93 53 -52 9 21 29 
-49 48 -89 99 28 13 
53 88 31 -60 10 -5 

35 60 -67 57 -32 
35 39 42 -76 -68 
73 100 -83 -21 24 
-31 -51 -26 6 42 
-3 43 47 0 76 
68 97 35 31 -32 -1 
-99 57 40 -65 59 99 
-74 16 55 -26 -77 74 
-38 84 10 -88 -11 96 
73 82 80 -66 88 43 
93 -88 34 81 0 38 

-96 -89 57 33 72 
-57 -22 -56 65 -30 
-78 59 51 -32 -26 
69 -16 16 -34 56 
8 40 59 -14 20 
67 70 98 -58 46 -35 
-54 -85 -83 -30 -88 -83 
30 -88 -33 34 -55 -70 
2 60 -80 -16 19 -32 
-77 28 -83 15 44 -71 
-36 -48 -30 -87 -96 -27 

-20 -99 -81 -95 77 
44 34 99 -38 52 
55 4 100 -79 -37 
10 -44 27 -1 -17 
-49 30 -81 -83 -53 
31 -29 88 -95 60 47 
16 -93 94 -46 -57 -90 
-4 84 -23 50 20 -94 
-29 74 14 15 23 67 
55 97 44 14 22 -79 
51 82 -98 59 -55 -28 

46 94 3 -96 -62 
-4 -94 68 -81 -1 
61 43 -79 33 31 
23 48 -56 34 -84 
49 -79 -50 64 -97 
-99 -14 72 4 -39 -92 
38 39 -95 -96 27 4 
-34 35 -83 9 55 47 
-45 -65 -100 -7 89 -10 
-73 -66 58 -75 -72 23 
25 43 39 -99 -64 -90 

-66 -36 58 -9 -78 
-96 -84 29 -96 -81 
-19 10 16 8 95 
-26 95 28 -98 9 
-3 -19 -24 -73 -50 
13 10 -17 -21 84 65 
-35 -2 -93 -26 -9 89 
65 -87 96 -23 -40 -14 
-93 53 -52 9 21 29 
-49 48 -89 99 28 13 
53 88 31 -60 10 -5 

35 60 -67 57 -32 
35 39 42 -76 -68 
73 100 -83 -21 24 
-31 -51 -26 6 42 
-3 43 47 0 76 
68 97 35 31 -32 -1 
-99 57 40 -65 59 99 
-74 16 55 -26 -77 74 
-38 84 10 -88 -11 96 
73 82 80 -66 88 43 
93 -88 34 81 0 38 

-96 -89 57 33 72 
-57 -22 -56 65 -30 
-78 59 51 -32 -26 
69 -16 16 -34 56 
8 40 59 -14 20 
67 70 98 -58 46 -35 
-54 -85 -83 -30 -88 -83 
30 -88 -33 34 -55 -70 
2 60 -80 -16 19 -32 
-77 28 -83 15 44 -71 
-36 -48 -30 -87 -96 -27 

-20 -99 -81 -95 77 
44 34 99 -38 52 
55 4 100 -79 -37 
10 -44 27 -1 -17 
-49 30 -81 -83 -53 
31 -29 88 -95 60 47 
16 -93 94 -46 -57 -90 
-4 84 -23 50 20 -94 
-29 74 14 15 23 67 
55 97 44 14 22 -79 
51 82 -98 59 -55 -28 

46 94 3 -96 -62 
-4 -94 68 -81 -1 
61 43 -79 33 31 
23 48 -56 34 -84 
49 -79 -50 64 -97 
-99 -14 72 4 -39 -92 
38 39 -95 -96 27 4 
-34 35 -83 9 55 47 
-45 -65 -100 -7 89 -10 
-73 -66 58 -75 -72 23 
25 43 39 -99 -64 -90 

-66 -36 58 -9 -78 
-96 -84 29 -96 -81 
-19 10 16 8 95 
-26 95 28 -98 9 
-3 -19 -24 -73 -50 
13 10 -17 -21 84 65 
-35 -2 -93 -26 -9 89 
65 -87 96 -23 -40 -14 
-93 53 -52 9 21 29 
-49 48 -89 99 28 13 
53 88 31 -60 10 -5 

35 60 -67 57 -32 
35 39 42 -76 -68 
73 100 -83 -21 24 
-31 -51 -26 6 42 
-3 43 47 0 76 
68 97 35 31 -32 -1 
-99 57 40 -65 59 99 
-74 16 55 -26 -77 74 
-38 84 10 -88 -11 96 
73 82 80 -66 88 43 
93 -88 34 81 0 38 

-96 -89 57 33 72 
-57 -22 -56 65 -30 
-78 59 51 -32 -26 
69 -16 16 -34 56 
8 40 59 -14 20 
67 70 98 -58 46 -35 
-54 -85 -83 -30 -88 -83 
30 -88 -33 34 -55 -70 
2 60 -80 -16 19 -32 
-77 28 -83 15 44 -71 
-36 -48 -30 -87 -96 -27 

-20 -99 -81 -95 77 
44 34 99 -38 52 
55 4 100 -79 -37 
10 -44 27 -1 -17 
-49 30 -81 -83 -53 
31 -29 88 -95 60 47 
16 -93 94 -46 -57 -90 
-4 84 -23 50 20 -94 
-29 74 14 15 23 67 
55 97 44 14 22 -79 
51 82 -98 59 -55 -28 

46 94 3 -96 -62 
-4 -94 68 -81 -1 
61 43 -79 33 31 
23 48 -56 34 -84 
49 -79 -50 64 -97 
-99 -14 72 4 -39 -92 
38 39 -95 -96 27 4 
-34 35 -83 9 55 47 
-45 -65 -100 -7 89 -10 
-73 -66 58 -75 -72 23 
25 43 39 -99 -64 -90 

-66 -36 58 -9 -78 
-96 -84 29 -96 -81 
-19 10 16 8 95 
-26 95 28 -98 9 
-3 -19 -24 -73 -50 
13 10 -17 -21 84 65 
-35 -2 -93 -26 -9 89 
65 -87 96 -23 -40 -14 
-93 53 -52 9 21 29 
-49 48 -89 99 28 13 
53 88 31 -60 10 -5 

35 60 -67 57 -32 
35 39 42 -76 -68 
73 100 -83 -21 24 
-31 -51 -26 6 42 
-3 43 47 0 76 
68 97 35 31 -32 -1 
-99 57 40 -65 59 99 
-74 16 55 -26 -77 74 
-38 84 10 -88 -11 96 
73 82 80 -66 88 43 
93 -88 34 81 0 38 

-96 -89 57 33 72 
-57 -22 -56 65 -30 
-78 59 51 -32 -26 
69 -16 16 -34 56 
8 40 59 -14 20 
67 70 98 -58 46 -35 
-54 -85 -83 -30 -88 -83 
30 -88 -33 34 -55 -70 
2 60 -80 -16 19 -32 
-77 28 -83 15 44 -71 
-36 -48 -30 -87 -96 -27 

-20 -99 -81 -95 77 
44 34 99 -38 52 
55 4 100 -79 -37 
10 -44 27 -1 -17 
-49 30 -81 -83 -53 
31 -29 88 -95 60 47 
16 -93 94 -46 -57 -90 
-4 84 -23 50 20 -94 
-29 74 14 15 23 67 
55 97 44 14 22 -79 
51 82 -98 59 -55 -28 

46 94 3 -96 -62 
-4 -94 68 -81 -1 
61 43 -79 33 31 
23 48 -56 34 -84 
49 -79 -50 64 -97 
-99 -14 72 4 -39 -92 
38 39 -95 -96 27 4 
-34 35 -83 9 55 47 
-45 -65 -100 -7 89 -10 
-73 -66 58 -75 -72 23 
25 43 39 -99 -64 -90 

-66 -36 58 -9 -78 
-96 -84 29 -96 -81 
-19 10 16 8 95 
-26 95 28 -98 9 
-3 -19 -24 -73 -50 
13 10 -17 -21 84 65 
-35 -2 -93 -26 -9 89 
65 -87 96 -23 -40 -14 
-93 53 -52 9 21 29 
-49 48 -89 99 28 13 
53 88 31 -60 10 -5 

35 60 -67 57 -32 
35 39 42 -76 -68 
73 100 -83 -21 24 
-31 -51 -26 6 42 
-3 43 47 0 76 
68 97 35 31 -32 -1 
-99 57 40 -65 59 99 
-74 16 55 -26 -77 74 
-38 84 10 -88 -11 96 
73 82 80 -66 88 43 
93 -88 34 81 0 38 

-96 -89 57 33 72 
-57 -22 -56 65 -30 
-78 59 51 -32 -26 
69 -16 16 -34 56 
8 40 59 -14 20 
67 70 98 -58 46 -35 
-54 -85 -83 -30 -88 -83 
30 -88 -33 34 -55 -70 
2 60 -80 -16 19 -32 
-77 28 -83 15 44 -71 
-36 -48 -30 -87 -96 -27 

-20 -99 -81 -95 77 
44 34 99 -38 52 
55 4 100 -79 -37 
10 -44 27 -1 -17 
-49 30 -81 -83 -53 
31 -29 88 -95 60 47 
16 -93 94 -46 -57 -90 
-4 84 -23 50 20 -94 
-29 74 14 15 23 67 
55 97 44 14 22 -79 
51 82 -98 59 -55 -28 

46 94 3 -96 -62 
-4 -94 68 -81 -1 
61 43 -79 33 31 
23 48 -56 34 -84 
49 -79 -50 64 -97 
-99 -14 72 4 -39 -92 
38 39 -95 -96 27 4 
-34 35 -83 9 55 47 
-45 -65 -100 -7 89 -10 
-73 -66 58 -75 -72 23 
25 43 39 -99 -64 -90 

-66 -36 58 -9 -78 
-96 -84 29 -96 -81 
-19 10 16 8 95 
-26 95 28 -98 9 
-3 -19 -24 -73 -50 
13 10 -17 -21 84 65 
-35 -2 -93 -26 -9 89 
65 -87 96 -23 -40 -14 
-93 53 -52 9 21 29 
-49 48 -89 99 28 13 
53 88 31 -60 10 -5 

